0
1
2
7
8
9
10
13
14
16
19
20
21
22
24
25
26
27
28
29
30
31
33
34
36
37
38
39
40
42
44
46
47
48
49
51
52
55
64
65
66
67
69
71
72
73
74
75
81
82
84
85
86
91
92
95
96
97
39097
101
102
103
105
106
107
108
109
110
111
112
113
114
116
117
118
119
125
127
128
129
130
131
132
133
134
135
136
137
138
32899
32900
32904
32902
32911
32905
32909
32914
147
148
32915
150
151
32918
153
154
155
32917
149
32926
32927
160
162
165
172
173
174
175
32942
184
185
186
188
189
191
192
193
32959
195
196
32960
198
32966
200
201
202
204
205
206
207
208
209
211
213
218
219
221
222
223
225
226
229
230
231
33002
236
237
238
239
243
248
252
253
254
33023
260
261
263
264
271
273
33041
275
277
278
279
33045
33046
282
284
285
39134
287
288
289
39135
291
294
295
33063
297
298
299
300
33065
302
33071
304
33069
39138
33075
308
311
312
33079
318
319
33089
33091
326
329
332
334
335
338
340
342
346
347
348
349
350
353
354
356
357
359
33130
365
366
367
33143
33144
377
378
33147
380
33146
33150
33151
33152
33153
33154
33155
388
389
390
393
397
398
403
406
413
414
415
416
417
418
420
421
422
424
428
431
432
33202
436
437
440
444
456
33228
462
463
464
465
466
467
468
469
470
471
472
473
474
33240
476
33242
478
479
480
481
482
483
484
486
488
33256
33257
491
33259
496
499
500
501
502
503
506
507
509
33278
33279
33281
33282
33286
521
522
33289
33292
525
526
33293
528
530
33299
532
33300
33301
536
537
538
541
542
543
546
547
33315
549
33317
33319
33318
553
554
555
33323
33321
558
33327
39188
561
563
33331
565
566
33335
33333
33338
33340
579
33348
33349
582
33350
33351
586
588
589
590
33357
33358
33362
595
596
597
598
599
600
601
602
603
604
605
606
608
609
610
611
612
613
33377
615
33376
33378
618
33384
33388
33389
33395
628
629
33397
33398
632
633
33400
33404
33407
33408
645
646
33415
33420
33421
33424
33425
33427
33429
33430
33431
666
33435
33436
669
33438
33439
674
675
676
33443
33442
33446
33445
681
33447
683
33452
33453
33454
33455
689
692
696
697
33464
699
700
701
702
703
704
33466
33470
33477
33478
33485
725
726
727
729
731
732
33503
39105
33509
33512
33513
754
33522
756
33523
758
759
33524
33526
33525
39106
33533
33534
33548
33549
33550
782
781
33551
33552
33553
33556
33557
33558
33559
33561
33562
796
33567
33570
33574
807
808
33576
33575
812
813
814
33580
818
819
820
33589
822
33587
33588
826
847
849
850
39246
852
857
858
859
860
861
33627
863
864
33628
866
867
868
870
33639
873
874
875
33644
877
33645
33643
880
33650
33651
885
886
887
888
899
902
903
907
33676
912
913
914
917
921
923
931
932
939
940
941
33709
943
33711
33710
950
958
959
33729
33730
33731
962
964
965
966
967
969
968
971
972
974
975
976
977
978
979
980
981
982
984
985
33754
986
987
33757
992
996
997
998
33767
1000
33768
1002
1003
1004
1005
39276
1012
33780
33782
1015
1016
1017
33786
1020
1021
33790
33791
1025
1030
33798
33799
1034
1037
1038
1039
1040
1041
1042
1044
1045
1049
1050
33819
1051
33821
33822
1058
1059
1060
1061
1062
33828
33832
1065
1068
1070
1072
33846
33849
33863
33864
1102
1103
1104
1105
1107
1108
1109
1110
1111
33876
33879
33882
1115
1119
1122
1123
1124
1127
1129
1132
1134
33909
33912
33914
33918
1153
1157
1164
1167
1168
1169
33938
1171
1172
1173
1175
1176
1177
1178
1179
1180
1181
33950
1183
33949
33944
33954
1188
33957
1189
1191
1190
1193
1192
1195
33958
1197
1198
33966
1200
33968
1202
33969
1208
1212
1213
1214
1215
1216
1217
1218
33983
33986
33982
1222
1223
1224
1225
1226
1227
33989
1230
1231
1232
1234
34003
1236
1237
1238
1239
34004
1241
1242
1243
34011
1245
1246
34015
34012
34017
1250
34018
1252
1253
1254
1255
39327
1268
34041
34045
34051
1287
1289
34061
1298
1299
1302
34071
1304
1305
1306
1307
1309
1317
1318
1320
1330
1331
34101
34104
1340
1341
34110
1342
1344
1345
1346
34115
1348
1343
34114
1353
34122
34121
34124
1357
34123
1359
34126
1361
34125
34129
1364
1365
1366
1367
1369
1371
34141
1374
1375
34144
1377
1378
1379
34142
34143
34145
34151
34152
34153
34156
1395
1396
1405
34174
34176
34179
1414
1419
34188
34191
1437
1438
1439
1440
34206
34215
1451
1452
1455
1457
1458
1462
1464
1466
34235
34236
1472
1473
34242
34243
1477
1481
1482
34250
34255
1488
1489
1490
34256
1492
1493
1494
1495
1496
1497
1498
34269
1505
1506
1507
34276
34278
1512
1517
1518
1519
1520
39136
34290
34289
34294
34295
1527
1529
1530
34300
34302
34308
1541
1542
34313
34314
1546
1548
1550
1552
1553
1554
1559
1560
1561
34330
1562
34327
34332
1579
1580
1587
1590
34364
1602
34371
34374
34376
34378
34383
34392
1627
34395
1630
34401
1633
1634
1636
1643
1644
34411
34414
34418
34419
1652
34421
34422
34430
34436
32896
34439
34441
1674
34443
34447
34454
34461
34462
34463
1696
34465
34466
1698
1700
1704
1705
1707
1710
1711
34478
1713
34482
1716
34485
34486
34489
1722
1723
1727
1741
1742
34512
1745
1746
1747
34513
34517
1750
34524
34525
1762
34535
34538
1771
1774
34550
1788
1790
1793
1799
34575
1811
34579
34581
1815
34592
1829
1833
1840
1843
1844
1845
1847
1848
1850
1851
1853
1854
1856
1857
34629
34641
34644
34651
34653
34655
34662
34663
1904
1906
1910
34679
34680
34688
34689
34692
34697
1931
34705
34706
1940
1941
1942
1943
1945
1949
1950
1951
1952
1953
1954
1955
1956
1957
1958
34727
1960
1961
1962
1963
1964
1965
1966
1967
1968
1969
1970
1971
1972
1973
1974
1975
1976
1977
1978
1979
34740
1981
1982
1983
1984
1985
1986
1987
34753
34755
34756
1991
1993
34764
34765
2006
2007
34774
34776
34778
34784
34785
2020
2022
2023
2024
2025
2026
2027
2028
34795
2030
2031
2029
2035
34803
34808
34809
34810
34811
2051
34820
2053
2057
2058
2059
2060
34829
2070
2072
2074
34850
34851
34852
2086
2087
2088
2089
2090
2091
2092
34856
2094
2095
2096
2097
2098
2099
2100
2101
34861
2103
2104
2106
34875
34876
34877
34879
34880
34881
34882
34883
34887
34888
2128
2129
2130
2131
2133
34904
34910
2150
34919
2152
2153
2155
2156
2158
34927
34935
2169
2170
2171
34938
34943
34948
34950
34954
2187
2188
2189
34958
2190
2192
34957
34963
2197
34966
34969
2215
34984
34985
2220
34989
2224
2225
2226
2227
34994
34993
2230
2231
2232
2233
2234
35002
35004
2236
35006
35007
35000
35009
35010
35011
35012
35013
35014
35015
35016
35018
35020
35022
35026
35028
2262
35040
2275
2289
2291
35060
2293
2295
2296
35065
2302
35070
2304
35071
35075
2308
35081
35082
35089
35091
2332
2343
35113
2346
35114
35116
2351
2352
2354
35124
2359
35129
2362
35140
2373
35143
35149
2382
2384
2391
2400
2401
35173
2406
2409
2410
2411
2414
2417
2418
2425
35197
39562
35214
35215
35216
35221
2457
2467
35236
35237
35235
2482
2483
35259
2500
2501
35268
35285
35291
2524
35293
35294
35299
2534
2535
39581
35306
35307
2542
35318
2552
2553
35323
2557
35328
35332
2574
2575
35343
35344
2583
35354
2602
2608
35385
35386
35387
35389
35405
2639
2640
2641
2642
2643
35412
35413
2646
35415
2647
2649
2648
2650
2645
2655
35424
35425
2656
2657
2660
2661
2662
2659
35428
2665
2666
2658
2667
2669
2670
2671
2672
2673
2674
35440
2676
2677
2678
2679
35448
35449
2681
2680
2683
2684
2686
2687
2685
2702
2705
2709
2710
35480
2713
2715
2716
2717
2718
35483
2722
2723
2724
2725
2727
2728
2729
2730
2731
2732
35499
35497
35503
35504
35505
2739
2743
2745
2746
2747
2748
2749
2751
35519
2753
2754
2755
2756
35524
2758
35523
2760
2761
2762
2763
2764
2765
2766
548
2768
2769
2770
2771
2772
2773
2776
2777
35544
35548
35550
2783
2784
2785
2786
2788
2789
2790
2791
2792
2793
2796
2797
2798
2799
2800
39187
2805
2806
2807
2809
2810
2811
2813
2814
2815
2816
2817
2818
2819
2820
2821
2823
2824
2825
2826
2828
2829
2831
2832
2833
2834
2835
2836
2837
2838
2839
2841
35612
35614
2848
2849
2850
2851
2852
2854
2855
2856
35622
2858
2859
2861
2862
2864
2865
2866
35636
2869
35637
2871
2872
2873
35642
2876
2877
35646
2880
2881
2882
2883
2884
2885
2886
2887
2888
2889
35652
2891
2892
35653
35659
2897
2900
35668
2902
2903
2904
2908
2912
2915
2917
2918
2919
2920
2922
2923
2924
2925
2926
2933
2934
2935
2936
2937
2938
2939
2940
35708
2943
2949
2950
2951
2953
2954
2956
2958
2959
2960
2961
2962
2966
2970
2971
2974
2975
2979
2980
35748
35749
2983
2984
2985
2986
2987
2988
2989
2990
2991
2992
2993
2994
2995
2996
2997
35766
3002
3003
3004
3005
3006
3008
3009
3010
3012
3015
3016
3017
3018
3019
3020
3021
3022
3023
3024
3026
3028
3029
3031
3033
3035
3036
3038
3040
3041
3042
3043
3044
3045
3047
3048
3049
3050
3051
3053
3054
3055
3056
3057
3058
3059
3061
3062
3063
3064
3065
3066
3069
3073
3074
3075
3076
3079
3080
3082
3083
3084
3085
3086
3089
3090
35857
3092
3093
3094
3095
3096
3097
3099
3100
3101
3103
3104
3105
3106
3107
35872
3109
3110
3115
3116
3117
3118
3119
3122
3124
3126
3129
3130
3134
3136
3137
3138
3139
3140
3141
3142
3143
3144
3146
3147
3148
3152
3155
3161
3163
3166
3167
35936
35937
35938
35939
35940
35941
35942
3176
3178
3179
3180
3181
3182
3183
3184
3185
3186
3187
3188
3189
3190
3192
3195
3196
3197
3198
3199
3200
3201
3202
3203
3205
3206
3207
3208
3209
3210
3213
3214
3215
3217
3218
3220
35990
3224
3225
3228
3233
3235
3236
3237
3238
3239
3240
3242
3243
3244
3247
3248
36016
3250
3251
3253
3254
3256
3257
3258
3259
3260
3261
3263
3264
3265
3267
3268
3269
3270
3274
3275
3276
3277
3278
3279
3280
3281
3282
3283
3284
3285
3286
3287
3289
3290
3291
3292
3293
3294
3295
3298
3300
3303
3307
3309
3310
3311
3312
36079
3315
3316
3320
3321
3323
3325
36094
3328
3329
3333
3334
3335
3337
3338
3339
3340
3341
3342
3344
3345
3346
3348
3353
3354
3356
3358
3360
3361
3362
3365
3366
3368
3371
3372
3373
3374
3378
36147
3380
3382
3383
3384
3385
3386
3387
36150
36157
36158
3391
3392
3396
3398
3400
3401
3404
3406
3407
3409
3412
3413
3414
3415
3416
3417
3418
3419
3420
3421
3422
3423
3424
3425
3426
3427
3428
3429
3430
3431
3432
3433
3434
3435
3436
3437
3438
3439
3440
3441
3442
3443
3444
3445
3446
3447
3450
3453
3454
3455
3456
3457
3459
3460
3461
3462
3464
3465
3467
3468
3470
3471
3472
3473
3474
3475
3476
3477
3478
3479
3482
3486
3492
3493
3494
3495
3520
3525
3526
36295
3528
3529
3537
3539
3540
3541
3542
3544
3556
3558
3560
3563
3565
3566
36336
3572
36340
3579
3581
3585
3595
3599
3601
3603
3606
3608
3609
3610
3615
3617
3619
3620
3621
3622
3624
3625
3628
3631
3632
3633
3634
3636
3638
3640
3647
3649
3650
3655
3656
3657
3658
3662
3673
3678
3680
3681
3682
3683
36451
3685
3686
3688
3693
3698
3699
3701
3702
3703
3704
3705
3706
3707
3708
3709
3711
3712
3713
3716
3720
3722
3723
3724
3725
3727
3728
3729
3730
3731
3732
3733
3734
3736
3738
3739
3740
3741
3742
3743
3744
3746
3750
3759
3766
3767
3769
36537
3771
36539
3773
3774
3781
3782
3784
3785
3786
3787
3788
3789
3791
3793
3795
3801
3806
3809
3810
3811
3812
3813
3814
3815
3817
3820
3822
3823
3824
3825
36594
3829
36599
3836
3840
3841
3842
36610
3846
3847
36616
3849
3850
3851
3852
3853
3854
3855
3856
3858
3859
3860
3861
3862
3863
3864
3865
3866
3867
3868
3869
3870
3871
3872
3873
3874
3875
3876
3877
3878
3879
3880
3881
3882
3883
3884
3885
3887
3907
3908
36676
36678
36680
36681
3916
3917
3919
3922
3923
3924
3929
3930
36699
3931
3933
3934
3935
36698
3937
3938
3939
3940
3941
36710
3943
3944
3945
3946
3947
3948
3949
3942
3951
3952
3953
3956
3957
3958
3959
3960
36729
3962
3963
3964
3965
3966
3967
36738
3972
3973
3974
36740
3985
3986
3987
3990
3993
3996
3998
3999
4000
4001
4002
4003
4004
4005
4006
4008
4009
4010
4011
4012
4013
36784
4017
4018
36787
4020
4021
4022
4023
4024
4026
4027
4028
4029
4030
4031
4032
4033
4034
4035
4036
4037
4039
4040
4041
4043
4044
4045
4046
4047
4048
4049
4050
4051
4052
4053
4054
4055
4056
4057
36817
4059
4060
4058
4061
4063
4069
4070
4071
4072
4074
4075
4076
4079
4080
4081
4082
4083
4084
4085
4087
4088
4089
36858
4091
4092
4093
4094
4095
4096
4090
4099
4100
4101
4103
4106
4107
4108
36874
4111
4112
4113
4114
4115
4116
4117
36886
4119
4120
4121
36890
36892
36893
36894
36895
36896
36897
36898
4130
4131
4132
4133
4134
4136
4135
36899
4139
4144
4145
4146
4147
4148
4152
4153
4155
4156
4157
4159
4160
4161
4168
4169
4170
4174
4176
36948
4183
4185
4186
4187
4188
4189
4190
4191
4192
4193
4194
4195
4196
4197
36966
4199
4200
4201
4202
4203
4204
4207
4208
4211
4213
4214
4215
4217
4218
36987
4220
4221
4222
4223
4224
4229
4230
36999
4231
4232
4233
4235
4236
37004
4238
4239
4240
4241
37003
4246
4247
4249
37018
37019
4253
4256
4257
4259
4260
4263
4265
4266
4268
37036
37037
4272
4273
4274
4275
4276
4277
37046
37047
37048
37049
37050
4282
37052
4278
4284
4283
37056
4280
4290
4291
4292
4293
4294
4295
4296
4297
4298
4299
37068
4301
4302
4303
4304
4305
37074
4306
4307
4309
4310
4311
4312
4308
4314
4315
4316
4313
37081
4319
4321
4322
4323
4324
4325
4328
4329
4332
4333
4334
37102
4340
4341
4344
4345
4346
4347
4348
4349
4352
4353
4358
37129
37130
4363
4364
37132
4368
4369
37139
37140
37141
4375
4377
37147
4380
37148
4382
4383
4384
37149
37152
37150
4388
4389
37156
4391
37159
4395
4396
4397
4398
37167
4400
4401
4402
4403
4404
4405
37169
4407
37168
4409
4415
4417
37193
4428
4429
4430
4431
4432
4433
4434
4435
4436
37196
4438
4439
4440
4441
4442
4443
37203
4445
37206
4447
4448
4449
4450
4451
37220
4453
4454
4455
37221
37222
4458
4460
4461
4462
4463
4464
4465
4466
4467
4468
4469
4470
4471
4472
37237
4474
4475
4476
37236
37238
4479
4480
4481
4482
4483
4484
4485
4486
4487
4491
4492
4493
4494
4495
4496
4497
37259
4499
4498
4501
4502
4503
4504
4505
4506
4507
4508
4509
4510
4511
4512
37272
4514
4515
4516
4513
4519
4520
4524
4525
4527
4528
4529
4530
4531
4532
4533
4534
4535
37296
4537
4538
4539
4540
4541
4542
4543
4544
4545
4546
4547
4548
4549
4550
4551
4552
4553
4554
4555
4556
4557
4558
4559
4560
4561
4562
4563
4564
4566
4567
4568
4569
4570
4571
4572
37334
4574
4575
4576
4577
4578
4579
4580
4581
4582
4583
4586
4587
37355
4589
4590
4591
4592
37360
4594
4595
4596
4597
4598
4599
4601
4602
4603
4605
4606
4607
4608
4609
4610
4611
4612
4613
4614
37381
4616
4615
4618
4619
4620
4617
4622
4621
4624
4627
4628
4629
4630
4631
4634
4635
4637
4638
4639
4640
4641
4642
4644
4645
4646
4647
4648
4649
4650
4651
4652
4653
4654
4655
4656
4657
4659
4660
4661
4662
4663
4664
4665
4666
4667
4668
4669
4670
4671
4673
4675
4677
4679
4683
4684
4685
4686
4687
4688
4689
4690
4692
4697
4698
4699
4702
4703
4704
4705
4706
37471
4708
37470
37478
37479
4711
4712
4713
4714
4715
4717
4718
4719
4720
4721
4716
4723
4724
4725
4726
4727
4729
4730
4731
4732
4733
40018
4737
4738
37506
4740
4741
4742
37510
4744
4745
37511
4747
4748
37512
4750
4751
37522
37523
37524
4756
4758
37527
37526
37528
4762
37532
4766
4769
4772
4773
37541
4775
4776
4777
4778
4779
4780
4781
37548
4783
4784
37546
37549
4787
4790
4791
4798
4803
4804
4805
4807
4808
4809
4811
4812
4813
4814
4815
4816
4818
4819
4820
4821
4822
4823
4825
4827
4828
4829
4830
4831
4833
4834
4836
4837
4838
4840
4841
4842
4844
4845
4846
963
4849
4850
4851
4854
4857
37626
37627
4860
37628
4863
4864
4866
4867
4868
4869
4870
4871
4872
4873
4874
4875
4876
4877
4878
4879
4880
4881
4882
4883
4884
4885
4886
4887
4888
4890
4896
4899
4901
4903
4907
4908
4910
4913
4914
4915
4916
4919
4920
4921
4923
4924
4925
4926
4927
4928
4929
4930
4931
4932
4933
4934
4935
4936
4937
4938
4939
4940
4941
4942
4943
4944
4945
4946
4947
4948
4949
4950
4954
4961
4962
4963
4964
4965
4966
4967
4969
4970
4971
4972
4973
4974
4975
4976
4977
4978
4984
4985
4986
4987
4989
4990
4991
4992
4993
37757
4995
4996
37758
4998
5001
5002
5003
5004
5005
5006
5008
5009
5010
5011
5013
5014
5016
5018
5019
5020
5021
5022
5023
5024
5026
5027
5028
5029
5030
5031
5032
5033
5036
5037
5038
5039
5040
5041
5042
5043
5044
5045
5046
5053
5055
5056
5057
37824
37823
37828
37829
37830
5064
5065
37834
37835
5068
5073
5076
5077
5078
5079
5080
5081
5082
5083
5088
5090
5092
5093
5097
5098
5100
5101
5102
5111
5112
5114
5118
5119
5120
5121
5122
5123
5124
5126
5127
5128
5129
5130
5131
5132
5133
5136
5138
5139
5140
5141
5144
5147
5148
5149
5150
5151
5152
5154
5155
5156
5159
5161
5162
5163
5164
5166
5169
5171
5172
5173
5174
5175
5176
5177
5178
5179
5180
5181
5182
37947
5186
5187
5190
5191
5192
5194
5196
5198
5199
5200
5201
5202
5203
5204
5205
5206
5207
5208
5209
5210
5211
5212
5217
5219
5222
5224
5227
5228
5230
5233
5234
5240
5245
5252
5260
5261
5262
5263
5264
5267
5270
5285
5287
5288
5289
5297
5307
5309
38080
38082
5315
5316
5320
5321
5323
5324
5326
38096
5329
5330
38099
5332
5333
38100
5335
5336
5337
38101
5339
5340
38108
38110
38111
5344
38113
38112
5348
5355
5357
5360
5363
5367
38145
38146
5379
38148
38149
38150
38147
5381
5385
38154
5397
5399
5403
38173
5406
38175
38176
5411
5412
5416
5418
5420
5421
5426
5429
5431
5432
5433
38211
38212
38213
5448
5449
38216
5457
5462
5463
5464
5465
5466
38232
38233
38234
5470
5471
5472
5473
5474
38236
5478
5479
5482
5483
5484
5485
5486
5488
38257
38258
5491
5490
5493
5489
5495
5494
5492
5497
5498
38259
5503
5504
5506
5507
5508
5509
38274
5511
5512
5515
38284
38285
5518
38286
38283
5523
38292
38293
38294
5527
5528
5529
5530
5531
5532
5533
5534
5535
5536
5537
38303
38304
5541
5542
5544
5545
5548
5550
5552
5555
5556
5560
5562
38331
38332
5565
5563
38336
38338
5571
5572
5573
5574
5575
5576
5577
5581
5582
5583
5585
5587
5589
38359
38360
5593
5594
5595
5596
38364
5601
5607
5609
38378
5611
5612
5614
5615
5616
5617
5618
5619
5622
5623
5625
5627
5628
38397
5630
5631
5632
38399
38395
5635
5636
5637
5638
5639
5640
5641
5642
5643
5644
5645
5646
5647
5648
5649
5650
5652
38421
38422
38423
38424
5655
5653
5656
5658
5659
5662
5663
5664
5661
5666
5667
5660
5669
5670
5671
38436
5673
5674
5675
5676
5677
5678
5679
38440
5681
38441
38446
38445
5686
5687
5688
5689
5690
5691
5692
38460
5695
5697
5698
5699
5700
5701
38468
38466
5709
5710
38478
38479
5713
5714
5715
38480
5717
5719
5720
5721
5724
5725
5726
5727
5728
5730
5731
38499
38500
5734
5736
5737
5738
5739
5740
5741
5742
5745
5746
5747
5748
5749
5750
5752
5758
5759
5761
5762
5763
5764
38532
5766
38533
5768
5769
5772
5773
5774
5777
5779
5781
5782
5783
5784
5787
5788
38556
38558
5793
5794
5795
5796
5797
5799
5800
5801
5802
38575
38577
5810
5811
5812
38585
5821
5822
5823
5824
5825
5830
5833
38602
5835
5837
5840
5841
5842
5844
38616
38617
38618
5851
38619
38620
5850
38622
38624
38625
5857
5858
38623
38621
5865
5870
5873
5876
5877
5878
5882
5883
38652
38653
38654
5889
5890
38659
38658
38662
38663
38664
5895
38665
5899
5900
38669
5904
5905
38672
5909
5914
5915
5916
5917
5918
5920
5921
5922
5924
5925
5926
5927
5928
38697
38698
5931
38699
38701
5934
38703
5936
5938
5940
5941
5942
5944
38712
5946
5947
5948
5949
38716
38719
38720
5953
5954
5955
5950
5957
38717
5959
5961
5963
38733
5966
38735
5965
5967
5970
38734
5972
38736
5976
5977
5979
5980
5981
5982
5983
5985
5986
5987
5988
5989
38756
5991
5993
5994
5998
6003
38773
6007
6008
38775
6015
6016
6018
6019
6020
6022
6023
6024
6027
6029
6030
6032
6036
6037
6040
6041
6042
6045
6047
6049
6052
6053
6055
6058
6059
6060
6061
38830
6063
6064
6065
38833
38834
6068
38832
38831
6072
6073
6075
6076
6078
6079
6080
6081
6085
6087
6088
6089
6091
6092
6093
6094
6096
6097
6098
38870
6105
6106
6107
38875
6109
6110
6113
6115
6116
6117
6121
6123
6124
6125
6126
38895
38896
38897
6131
6134
1219
6136
6141
6144
38913
38914
6145
6146
6148
6149
6151
6152
38915
38922
38923
38924
38925
6158
6159
38926
38928
6162
6164
6165
6167
6169
6173
6182
6184
6185
6186
6187
6193
6198
6199
6201
6203
6204
6207
6216
6217
6223
6225
6227
6228
6230
6231
6232
6233
6234
39003
6239
6240
6241
39009
39011
6244
39010
39014
6248
39016
6250
6251
39020
39021
6254
39023
39024
6255
6256
6257
6258
6259
6260
6261
6262
6264
39025
39026
6268
39031
6270
39037
6272
6273
39036
6275
6276
6277
39325
39050
6283
6284
6285
6286
6287
6288
39054
6290
6293
6294
6296
39064
6298
6300
6301
6302
6303
39068
39073
6306
39074
6308
39075
6310
6312
6315
6317
6319
6320
6323
6325
6326
6327
6328
6329
6330
6331
6332
6333
6334
6335
6336
6337
6338
6339
6340
6341
6342
6343
6344
6345
6346
6347
6348
6349
6350
6351
6352
6353
6354
6355
39124
6357
6358
39127
39128
6361
39129
6363
6364
6365
6366
6367
6368
6369
6370
6371
39133
6373
6374
39143
6375
39145
6376
6379
6377
6380
6378
6383
6384
39144
6386
6387
6388
6389
6390
6391
6392
6393
6394
6395
6397
6398
6400
6401
6403
6404
6406
6407
6408
6409
6410
6411
6412
6413
6414
6415
6416
6417
6419
6420
6421
6422
6423
39192
6425
6426
6427
6428
6429
6430
6431
6432
6433
39198
39197
6437
6438
6440
6441
39208
6443
6444
39210
39209
6449
6450
6451
6452
6453
6454
6460
6461
39230
6463
6464
6465
6466
6468
6469
6470
6472
6473
39243
39244
39245
6478
6479
6475
6481
6482
6483
6484
6485
6477
6487
39251
6489
6490
39252
6492
6493
39258
6495
39257
6497
6498
6499
6500
6501
6502
6503
6504
6506
6507
6508
6509
6510
39275
6512
6513
6514
6515
6516
6517
39282
6519
39281
6522
6523
6524
6525
6526
6527
6528
6529
6530
39296
6532
6531
6535
6536
6537
39305
6539
6540
6541
6542
6543
39313
6546
6548
6549
6550
39319
6551
6552
6554
6556
6557
39326
6559
6560
6561
6562
6563
6564
6565
6566
6567
6568
6569
6570
39335
6580
6583
39355
6588
6592
6598
6600
6606
6608
6614
6618
6619
6620
6621
6622
39386
39390
6625
6631
6632
6633
6635
6636
6638
6639
6640
6641
6642
6643
6644
6645
6646
39416
6648
39418
39419
6650
6649
6653
39423
6656
39425
6657
6658
6660
6661
39426
39427
6664
39428
6666
39429
6668
6669
6670
6672
6674
6676
6677
6678
6679
39444
6681
6682
6683
6684
6688
6689
6692
6693
6694
6699
6701
39469
6707
6708
6709
6710
6712
6713
6714
39481
39482
6718
6720
6721
6722
6724
6725
6729
39499
39500
39501
6738
6740
6749
6753
6761
6762
6763
6764
6765
6766
39537
39538
39539
6770
6772
6779
6780
6781
6782
39549
6785
6786
6787
39556
39557
6790
6789
6792
6793
6794
6795
39564
6796
6798
6797
6799
6801
6800
6802
6804
6805
39573
6807
39574
6809
6811
39580
6813
6814
6815
6816
39584
6818
6819
39587
39582
6822
6823
39592
6829
6833
6843
39614
6848
6849
6850
6851
39616
6853
6854
6855
6856
6857
39618
6861
6862
39636
39637
6868
6869
6870
6875
39644
39645
6876
39648
6881
6882
6886
6888
39658
39660
6896
6897
6898
6899
6900
6901
39670
39671
6902
6903
6904
6905
6907
6906
6909
39677
6912
6913
6914
39683
6916
6918
6919
6921
6928
6930
6931
39701
39702
6935
6936
39704
39710
39712
6946
6947
6948
6949
6950
6951
6952
6953
6954
6955
6956
6959
6960
39729
39730
6964
6965
39732
39736
39737
6970
6969
6968
6971
6972
6973
39738
6977
6976
6982
6988
6989
6990
6991
6994
6997
6999
7000
7001
7004
7005
7006
7007
7009
7012
7015
7019
39789
7023
39792
39793
7026
39794
7029
7030
7035
7036
7037
7038
7039
7040
7041
7042
7043
7044
7045
7046
7047
7057
7058
7059
7060
7062
39831
7063
7065
39835
7070
7073
7074
39844
7077
7078
7081
7085
39859
7092
39861
7094
39860
7096
7097
7098
39870
39871
39872
7109
7110
7111
7112
39880
39881
39882
7116
39879
7119
39888
39891
7124
7125
7126
7127
7130
7131
7134
7138
7139
39907
39908
39909
7144
39913
7149
7152
7159
7160
39927
7162
7164
7168
7170
7172
7173
7174
7175
7176
7177
7178
7179
7180
7181
39951
7186
7188
39967
39968
39969
7209
7210
39984
39986
39987
39988
7222
7224
7225
39994
7227
39995
39996
40001
7239
7240
7241
7242
40008
40010
40013
40011
40012
7244
7249
40009
34005
40020
40021
7253
7254
40024
40025
40026
7259
7260
7261
40027
34007
40029
7267
7272
7281
40050
40049
40051
7285
7293
7294
7295
7299
7300
7308
7309
7316
7318
40087
7320
7325
7332
7333
40100
7337
40105
7341
40109
7343
40115
7349
7350
7351
7353
40121
40122
7367
7375
7380
7382
40152
40153
40154
40155
40156
40157
7390
7391
40160
40165
7406
7407
7408
7409
40175
7427
7428
7429
7430
7433
7438
7442
7450
7451
7452
7458
40229
40235
40241
40242
40243
40244
7477
40246
40245
40250
40251
40252
40253
40254
7487
40255
7500
7502
40271
7504
7505
7508
40283
40284
40291
7525
7526
40295
40296
40297
7527
40294
40298
40324
40325
40326
7561
7562
7567
7568
7569
7570
7573
40342
7574
7575
7578
7579
7581
7582
7583
7584
7585
40351
40353
40356
40357
40358
7591
40359
40354
40355
40360
40361
40362
40366
40367
7600
40368
7609
7611
7613
7614
7616
7617
7618
7619
7622
7624
7628
7629
7631
7632
7633
7634
7635
40402
7639
7640
7642
7647
7648
40417
7654
7655
7656
7657
7658
7659
7660
7661
7662
7663
7664
40433
40434
40435
40436
40437
40431
7668
7672
7673
40441
40440
7667
7680
40449
40450
40451
7685
7686
7688
40457
40458
40459
7689
7690
40460
7697
7698
7699
7700
40468
7702
40470
7705
7707
7708
40481
40482
40483
7717
40487
7721
7722
7724
7725
7726
7727
7728
7731
7732
7733
40499
7735
40504
7737
40505
7739
7740
7741
7742
40506
40513
7748
7752
7753
7754
7755
7756
7757
7758
7759
40525
7761
7765
7766
7767
34108
7781
7799
7800
7801
7802
7804
7805
7806
7807
7808
40577
40575
40590
7824
7825
7826
7828
7829
7830
40596
40598
40597
7840
7843
7844
7847
7848
7850
7851
7854
7855
7856
40630
40631
40632
40649
40650
40651
7884
7885
7886
7887
7888
40653
7892
7893
7894
40662
40664
7899
7900
7901
7902
7903
7904
7905
7906
7908
7909
7910
7911
7912
7913
7914
7915
7916
7918
7920
7923
40694
7927
7931
40704
7937
40707
7940
7941
40708
40711
7944
7945
40710
7947
7948
40714
7950
7951
7952
7953
40713
7958
7959
7960
7961
7962
7963
40729
40730
7966
7967
40737
40739
40740
40741
7974
40743
7976
7972
7971
7979
7984
40753
40754
40755
7985
7997
7999
8000
8001
40770
40768
8004
8005
8012
8016
8017
8018
8019
8025
8027
8028
8029
8030
8031
8034
8035
8036
40802
8038
40808
8041
40810
40809
8044
8042
8046
8047
8048
40817
8050
8051
8052
8053
8060
8061
8064
8069
8071
8072
8076
8078
8079
8080
8084
8086
8087
8093
40863
8097
8098
40867
8099
40868
40869
40871
8112
8114
8115
8124
8130
8131
8132
40898
8142
8144
8145
8148
8149
8150
8151
8152
8153
40918
8155
40919
8157
8158
40929
40930
8163
40931
8165
40935
40936
40937
8192
40962
40963
40964
8200
8201
8202
8204
8215
8219
8226
8227
8228
8230
8231
8236
41011
8248
8254
8256
8259
8260
8262
8264
8274
8278
8281
8291
8292
8293
8295
8297
8299
8300
8301
8305
8306
41073
8310
8311
8312
8313
8317
8321
8328
8331
8332
8333
8334
8335
8336
8337
8354
8358
8359
8360
8361
8362
8364
8366
8368
8371
8373
41142
8375
8377
8378
8380
8381
8383
8384
41153
8386
41154
41155
8390
8392
8394
8395
8399
8401
8405
8412
41183
8416
41184
8418
41185
8420
8421
8422
8423
8424
8425
8429
8430
8433
8435
41206
8440
8441
8444
41213
8446
8447
8448
8449
8450
8451
41212
8453
8459
8461
8466
8467
8471
8473
41244
41246
41247
41248
41249
8482
8483
8484
8487
8492
8498
41266
41267
8501
41268
8507
8508
41276
8515
8516
8517
41287
41288
8521
41289
8523
8524
8525
8527
8528
41297
8530
8531
8532
8533
8534
8535
8536
8537
41298
41315
8550
41318
8562
8566
8571
8578
8580
8585
41358
8591
8592
41360
8600
41369
8603
8604
8605
8607
8608
8609
8611
8612
8613
8615
8616
8618
8619
8620
8623
8631
8632
8637
8642
8643
8644
8647
8652
8654
8658
8660
8669
41465
41472
41474
8707
41476
41475
8711
8712
8727
8728
8732
8733
8734
8736
8740
8741
8752
8753
8754
8755
8756
8757
41529
8762
8763
41530
8768
8774
41543
8777
8779
8780
41550
8783
41551
8785
8786
41552
41553
8790
8793
8795
41564
8799
8804
8806
8807
8808
8809
8812
8817
41589
8822
41590
41591
8829
8832
41608
8842
41613
8850
8858
8859
8860
8861
41631
41632
41636
8875
8881
8883
8889
41658
41660
8896
8899
8905
8907
8908
8909
41678
8912
41680
8914
8918
8920
8925
41695
8928
41696
8930
41698
8935
8940
8946
8947
8950
8951
8952
8958
8965
8966
8967
8968
8972
8984
41754
8987
41756
8989
8990
41770
9004
9005
41774
41775
41776
9010
9013
9014
9015
9016
9018
9019
9020
9021
9022
9023
9025
9026
9027
9028
9029
9030
9031
9032
9034
9035
9037
41805
41807
9040
9042
9043
9044
9054
41829
41830
41831
9064
9065
41833
9067
9069
9070
9071
9072
9073
9074
9075
9076
9078
9080
9081
9082
9083
9086
9092
41863
9097
9098
9100
9101
9102
41873
9107
9110
9111
9112
9116
9117
9118
9121
9122
9123
9124
9125
9126
9127
9128
9129
9137
9139
9140
9141
9142
9143
9144
9147
41916
9148
41918
9150
9151
41917
9158
9159
41927
9161
9164
9165
9167
9169
9171
9172
9177
9178
9179
9180
9182
9185
9188
9189
9190
9191
9192
9194
9195
9200
9201
9202
9203
9204
9206
9208
41976
9210
9211
9214
9217
9219
9220
41989
9224
9227
9228
9229
9230
9237
9238
9239
9240
9243
9249
9250
9251
9252
9255
42027
9260
9261
42029
9265
9266
9267
9268
9269
9270
9272
9273
9275
9276
9277
9280
9284
9285
9290
9295
9296
9297
9300
9301
9302
9303
9306
9307
42078
9311
9312
9313
9314
9315
9316
42085
9318
9319
42087
42080
9324
9326
9327
9328
9329
9331
9332
9334
9340
9341
9343
9348
9352
9357
9358
9359
9360
9361
9362
9363
9364
9365
42133
42134
9368
9369
9370
9371
9372
9373
42141
9375
9376
9377
9379
9380
9382
9383
9384
9385
9386
9388
9389
9391
9392
9393
9394
9395
9396
9399
9400
9401
9402
9403
9406
9407
9408
9414
9415
9417
9419
9420
9424
9426
9427
42195
42197
42196
9433
9435
9436
9437
9438
9443
42212
42213
42219
9452
9453
9454
9455
9456
42225
9460
9461
9462
42232
42233
9467
9470
9472
9473
9474
9477
9478
9479
9480
9481
9482
9483
9484
9486
9487
42256
42257
9489
9490
9491
9492
9488
9496
9497
9498
9499
9500
9502
9504
9505
9506
9508
9509
9511
9513
9515
9517
9518
9519
42285
9521
9522
9525
9526
9527
9528
9529
9535
9536
9537
9538
9539
9541
9542
9544
9545
9546
9549
9550
9551
9552
9554
9555
9556
9557
9559
9560
9562
9563
9565
9566
9567
9568
9569
42338
9571
9572
9573
42340
42339
9579
9582
9583
9584
9585
9586
9587
9589
9590
9593
9594
9595
9597
9598
9601
9602
9603
9604
9605
9606
42369
9608
9609
9610
9611
42378
42376
42382
9614
42384
9615
9616
9617
9618
9619
9620
9622
9621
9624
9623
9628
9630
9631
9632
9633
9635
9636
9637
9638
9640
9642
9643
9644
9645
9646
9647
9648
9649
9650
9651
9652
42421
9654
9655
9656
9657
9658
9659
9660
9661
9662
42423
9664
9665
9666
9667
9668
9669
9671
9672
9673
9674
9675
9676
9677
9678
9680
9681
9682
9685
9687
9688
9689
9690
9691
9692
9693
9694
9695
9696
9697
9698
9699
9701
9704
9705
9707
9708
9709
9710
9711
9712
9713
9714
9715
9716
9717
9718
9720
9721
9723
9724
9725
9726
9727
9728
9729
9730
9731
9732
9733
9734
9735
9736
9737
9739
9740
9741
9742
9743
9744
9746
9747
9749
9750
42519
9753
42521
9757
9758
9759
9760
9761
9762
9774
9776
9777
9779
9781
9782
9783
9784
9785
9786
9791
9792
9793
9794
9795
42563
9797
9798
9800
9801
9803
9808
9809
9810
9811
9814
9817
9820
9821
9826
9827
9828
9831
9834
9835
9837
9839
9840
42608
9844
9845
9847
9848
9850
9851
9855
9860
9865
9869
9871
9872
9873
9878
42647
9881
9884
42656
42657
42658
9891
9892
9893
9895
9896
9897
9898
9899
9900
9901
9902
9903
9904
9905
9906
9908
9911
9913
9914
9917
9923
9924
9926
9936
42717
42719
9960
9961
9962
9964
9965
42734
42735
42739
42743
10001
42776
42778
42788
42789
42790
10023
42793
42794
42795
42797
10030
42799
10032
10033
42800
10042
10044
10051
10054
10055
42822
10066
10067
10069
10072
10081
10083
10098
42872
10109
10113
10115
10116
10117
10118
42884
10120
10121
10122
42883
10125
10126
10128
10129
10130
10132
10136
42911
42913
42915
42922
42925
10194
10207
10212
42986
10220
43002
10246
43016
10249
10251
10252
43021
10266
10270
43045
10280
10281
10296
43075
43077
43110
43133
43134
10367
43143
43155
43167
43172
43180
10418
43190
43202
43204
43227
43275
43281
43301
43326
10561
10597
10618
43387
10644
43435
43448
43462
43467
43470
43475
43491
43492
43493
43497
10752
43527
43532
43533
43538
43542
43544
43548
43551
43569
43570
10804
10808
43583
10816
43600
10834
10835
10838
10839
10841
10842
10843
10845
10846
10860
10861
43630
10863
10864
10862
10871
10874
10875
10876
10877
10878
10879
10881
10882
10883
10886
10887
10888
10889
10890
10893
10894
10897
10898
43667
43666
10901
10902
43673
10906
43674
43675
10913
43683
10917
43685
43686
43688
43690
43691
10923
10925
10922
43692
43694
43699
43700
10936
43706
43709
43710
43713
10946
10947
10948
43715
34741
43721
43722
43723
10956
10959
43733
10969
10976
10980
10981
43758
10991
10994
43767
11000
43769
43770
43771
11001
11002
11003
43775
43776
11004
11005
11006
11007
11008
11010
11012
11013
11015
11018
11019
11017
11021
11014
11022
11024
11016
11020
11025
43797
43798
11029
11032
11033
11034
11035
43804
43805
11038
43807
43808
43809
11039
43806
11048
11049
11057
11059
43831
11067
11068
43837
43838
43839
11072
11070
11074
11075
43841
11077
11078
43845
11080
43848
43850
43846
43851
11088
11090
11092
11094
43866
11099
11106
11107
11108
11109
11110
43877
11112
43889
11122
11125
43898
43899
43900
11133
11137
43906
11139
43908
43909
43910
11143
11144
11146
43914
11148
43915
11151
11152
11153
11155
11156
11157
11158
43926
11160
43929
11162
11161
43930
11165
11166
11167
43935
43936
43937
11172
11173
11175
11179
43947
11181
11182
11187
11188
11189
43956
11191
11192
43959
11194
43966
43967
43972
11206
43975
43978
11212
11215
11217
11218
43987
11222
11223
11225
43997
43999
44000
44001
44007
44008
44009
11246
11253
44022
11256
11259
11260
44030
44031
11264
44032
44033
11273
44045
44054
44055
44056
44057
11290
44059
11291
11292
11293
11296
11298
11300
11301
11310
11311
44080
44078
11318
11320
11321
11323
11324
11325
11327
11336
11337
11343
11345
44113
11347
11348
11351
11355
11357
11358
11359
11360
11361
44130
44129
44132
44134
11368
11379
44148
11387
44158
44159
44160
11395
11399
11400
11401
11402
11403
11405
11407
11410
44178
11416
44186
44194
11434
11435
11439
11442
11443
11444
11447
44216
44217
11450
44219
11452
11453
44223
44225
11459
11460
11461
11462
11466
11472
11473
44241
11483
11484
11485
11486
44254
11491
11492
11493
11495
11502
11503
11506
11507
11508
44276
11510
11511
44280
11513
11514
44283
44286
44287
44288
44289
44290
11524
11525
11527
11534
11535
11538
11539
11540
11542
11543
44313
11548
44316
44318
44317
11557
44328
11566
11568
11569
11570
11571
11572
11573
11574
11575
11576
11577
11578
11579
11580
11581
11582
11583
11587
11589
11590
11591
11592
11593
11594
11595
11596
44357
44358
44359
44368
11601
11602
44369
11604
11605
11606
11607
11608
11609
11610
44370
11612
11614
11615
11616
11617
11618
11619
11620
11621
11622
11623
44387
11625
44389
44388
44396
11628
44397
11631
44398
44400
11635
44404
44403
44405
44409
44410
44411
44412
11646
11647
11648
11649
44416
44417
11653
11657
11658
11659
11660
11661
11662
44425
44441
44442
44447
11683
44453
11687
11688
44457
11689
44462
44464
11697
11698
11701
44477
11710
44480
11718
11730
11735
11742
11747
11753
11755
11757
11762
11765
11769
44540
11811
11821
11823
44644
44645
44650
44651
44652
44653
44654
44655
44656
11889
44658
11894
44662
11899
44668
44669
44673
44679
44680
44682
44683
44684
44685
44686
11919
44687
11921
44696
11973
11978
11982
11988
44761
44764
11998
44767
44766
12010
12011
12015
44795
44796
44797
12035
12062
44830
12070
44838
44840
44843
44844
44845
44846
44854
44855
44856
44857
44858
44859
44860
44861
12094
44863
44864
44862
44865
12099
12100
44872
44873
44877
12110
44878
44879
44880
12119
44888
44890
44891
44894
44896
12130
44914
44916
12167
12168
12169
12170
12198
12199
12202
12223
12225
12226
12244
12254
12255
12256
12258
12259
12260
12261
12262
12263
12265
12266
12267
12268
12269
12271
12273
12274
12275
12278
12281
12282
12283
12284
12287
12288
12289
12294
12295
12296
12297
12300
12301
12306
12307
12309
12311
12312
12313
12314
12315
12316
12317
12318
12319
12320
12321
12326
12329
12330
12347
12350
12351
12355
12356
12357
12360
12363
12366
12378
12379
12380
12381
12382
12384
12385
12386
12387
12388
12389
12390
12391
12392
12393
12394
12395
12396
12397
12401
12402
12403
12404
12405
12406
12407
12410
12412
12413
12414
12418
12419
12421
12422
12423
12424
12427
12428
12429
12431
12432
12433
12435
12436
12445
12446
12451
12452
12453
12454
12455
12457
12462
12465
12467
12468
12469
12470
12472
12473
12475
12476
12477
12480
12481
12482
12483
12484
12485
12486
12487
12488
12489
12490
12494
12495
12496
12497
12498
12500
12501
12502
12506
12508
12509
12511
12512
12514
12515
12516
12519
12520
12521
12522
12523
12524
12525
12526
12531
12532
12533
12536
12537
12539
12540
12541
12542
12544
12548
12550
12551
12552
12553
12554
12555
12556
12558
12562
12563
12565
12569
12570
12571
12572
12573
12574
12576
12577
12578
12579
12580
12581
12582
12588
12589
12591
12592
12593
12594
12595
12600
12601
12603
12608
12609
12610
12611
12612
12615
12617
12618
12619
12621
12622
12624
12628
12629
12633
12634
12638
12639
12643
12646
12647
12648
12649
12650
12652
12654
12655
12656
12660
12661
12662
12663
12664
12665
12666
12674
12681
12686
12689
12700
12707
12717
12722
12724
12725
12726
12727
12728
12729
12730
12731
12732
12733
12734
12735
12736
12737
12738
12739
12740
12741
12742
12743
12746
12747
12748
12749
12751
12755
12756
12758
12759
12760
12762
12763
12764
12765
12766
12769
12770
12771
12772
12773
12774
12775
12776
12777
12778
12779
12780
12782
12783
12784
12785
12788
12790
12792
12794
12795
12796
12798
12799
12801
12802
12804
12805
12806
12807
12808
12821
12822
12824
12825
12830
12837
12843
12844
12845
12847
12848
12849
12850
12852
12853
12854
12855
12856
12860
12861
12862
12868
12869
12872
12875
12876
12878
12880
12883
12884
12886
12887
12889
12891
12892
12893
12894
12895
12897
12898
12899
12900
12901
12903
12904
12906
12907
12908
12909
12910
12914
12915
12916
12917
12919
12920
12921
12922
12926
12927
12928
12929
12934
12935
12937
12939
12948
12949
12950
12959
12973
13027
13028
13029
13030
13031
13032
13033
13037
13038
13039
13040
13041
13042
13043
13044
13045
13046
13047
13048
13052
13054
13055
13057
13061
13062
13063
13064
13065
13066
13067
13079
13080
13081
13084
13085
13086
13087
13088
13092
13093
13094
13095
13096
13099
13103
13104
13105
13106
13107
13114
13115
13116
13123
13124
13126
13127
13128
13129
13130
13134
13137
13141
13142
13143
13165
13169
13171
13172
13173
13174
13175
13177
13178
13179
13186
13188
13190
13191
13195
13202
13210
13211
13218
13223
13225
13226
13227
13230
13231
13232
13237
13246
13247
13248
13259
13260
13263
13266
13267
13268
13269
13270
13271
13273
13274
13275
13276
13278
13282
13284
13285
13288
13290
13291
13292
13293
13294
13298
13301
13302
13304
13308
13309
13310
13311
13313
13314
13316
13317
13320
13321
13322
13323
13324
13325
13326
13327
13329
13330
13331
13333
13334
13335
13336
13337
13338
13339
13345
13346
13347
13348
13349
13350
13354
13355
13356
13357
13363
13365
13367
13371
13374
13377
13378
13386
13387
13388
13390
13392
13396
13397
13398
13400
13407
13408
13409
13410
13411
13412
13413
13414
13415
13417
13418
13419
13420
13421
13432
13435
13436
13437
13440
13442
13445
13446
13447
13451
13456
13458
2675
13463
13464
13465
13466
13472
13474
13477
13478
13479
13481
13482
13484
13485
13488
13489
13490
13491
13494
13496
13497
13498
13504
13507
13508
13509
13510
13511
13512
13513
13514
13515
13516
13517
13518
13522
13524
13525
13526
13527
13528
13529
13530
13531
13532
13533
13544
13545
13546
13549
13552
13554
13563
13567
13573
13574
13575
13576
13577
13578
13579
13581
13583
13584
13585
13586
13587
13588
13591
13595
13596
13597
13601
13604
13605
13606
13607
13609
13611
13612
13617
13618
13619
13622
13632
13633
13637
13638
13639
13640
13641
13645
13666
13667
13668
13669
13670
13674
13678
13680
13682
13683
13684
13689
13690
13694
13697
13701
13702
13703
13704
13707
13711
13718
13720
13729
13730
13731
13732
13737
13742
13743
13744
13745
13746
13748
13749
13750
13757
13758
13759
13760
13762
13763
13764
13765
13778
13780
13782
13784
13785
13786
13787
13790
13791
13799
13800
13801
13802
13804
13805
13806
13807
13808
13809
13810
13811
13813
13818
13823
13824
13825
13827
13828
13829
13830
13832
13834
13838
13840
13846
2752
13887
13901
14048
14049
14050
14051
14054
14061
14075
14077
14078
14079
14080
14081
14082
14083
14084
14087
14098
14099
14100
14102
14103
14106
14111
14112
14113
14114
14115
14116
14119
14120
14121
14122
14123
14126
14127
14128
14129
14134
14137
14138
14139
14141
14143
14147
14148
14149
14150
14151
14154
14165
14166
14167
14177
14180
14181
14182
14183
14185
14186
14189
14190
14191
14192
14193
14195
14196
14200
14208
14209
14210
14214
14227
14230
14231
14233
14234
14235
14237
14238
14240
14241
14242
14243
14244
14245
14246
14247
14248
14255
14259
14272
14273
14284
14285
14290
14291
14292
14293
35409
14318
14319
14321
14330
14331
14334
14335
14338
14339
14340
14344
14345
14346
14351
14354
14356
14358
14359
9367
14362
14364
14365
14366
14367
14370
14372
14389
14390
14392
14393
14395
14396
14397
35426
14399
14400
14401
14402
14403
14404
35427
14407
14410
14412
35429
14418
14419
35430
14422
14423
14427
14428
14430
14431
14433
14434
14436
14437
14439
14440
14441
14445
14449
14450
14451
14452
14453
14471
14472
35441
14474
14473
14475
14476
35443
14484
14485
14487
14488
14489
14490
14491
14492
14493
14494
14495
14505
14506
14507
14510
14511
14519
14520
14521
14527
14528
14529
14530
14531
14532
14536
14538
14539
14544
14547
14548
14550
14551
14552
14553
14554
14556
14563
14564
14567
14568
14569
14570
14571
14573
14576
14577
14578
14579
14580
14581
14582
14583
14584
14586
14596
14597
14598
14603
14606
14607
14610
14611
14612
14613
14618
14619
14620
14621
14622
14623
14624
14625
14627
14628
14629
14637
14638
14639
14640
14642
14647
14648
14653
14655
14661
14662
14665
14667
14671
14673
14680
14690
14692
14693
14695
14696
14697
14698
14699
14700
14701
14702
14717
14743
14750
14753
14755
14756
14757
14759
14760
14761
14763
14764
14768
14771
14775
14781
14782
14783
14785
14788
14790
14796
14797
14799
14800
14801
14803
14808
14811
14823
14825
14828
14830
14833
14835
14836
14837
14839
14840
14841
14843
14844
14848
14851
14855
14861
14862
14863
14865
14868
35520
14876
14877
14878
35521
35522
14882
14884
14885
14887
14888
14890
14891
14892
14893
14894
14897
14900
14901
14904
14907
14908
14913
14916
14920
14921
14923
14924
14930
14942
14945
14946
14949
14953
14956
14957
14958
14960
14961
14962
14963
14966
14967
14968
14969
14973
14974
14977
14978
14979
14980
14982
14993
15007
15009
15010
15011
15012
15013
15015
15018
15019
15025
15026
15028
15029
15030
15031
15032
15039
15040
15041
15042
15043
15048
15050
15052
15053
15055
15066
15067
15069
15071
15073
15074
15075
15076
15078
15079
15087
15088
15089
15090
15091
15093
15098
15099
15100
15102
15103
42079
15117
15118
15119
15120
15121
15122
15125
15127
15128
15129
15130
15131
15132
15144
15160
15164
15166
15167
15168
15172
15177
15178
15191
15197
15198
15201
15202
15206
15208
15209
15214
15215
15216
15217
15219
15221
15222
15223
15224
15225
15226
15229
15235
15236
15238
15240
15247
15248
15249
15250
15253
15254
15255
15256
15257
15259
15265
15270
15273
15274
15276
15277
15280
15283
15284
15286
15292
15294
15301
15307
15308
15309
15310
15312
15332
15333
15334
15337
15338
15340
15343
15345
15346
15349
15352
15353
15359
15362
15370
15382
15383
15386
15396
15413
15422
15432
15434
15452
15453
15454
15455
15456
15457
15460
15535
15536
15551
15567
15568
15571
15580
15590
15591
15607
15608
15616
15620
15621
15622
15624
15625
15626
15628
15631
15634
15639
15641
15655
15658
15664
15665
15670
15671
15674
15675
15677
15678
15679
15681
15683
15685
15689
15693
15694
15696
15698
15709
15710
15711
15712
15713
15714
15715
15720
15730
15734
15735
15738
15744
15745
15749
15750
15751
15753
15761
15770
15789
15791
15793
15795
15798
15802
15804
15815
15817
15818
15869
15870
15907
15913
15914
15916
15917
15920
15926
15947
15969
16011
16016
35750
16031
16039
16042
16064
16066
16078
16079
16080
16081
16082
16083
16084
16085
16086
16088
16093
16094
16095
16098
16102
16104
16106
16107
16108
16111
16124
16129
16130
16132
16135
16141
16142
16144
16146
16147
16148
16152
16153
16154
16156
16157
16158
16159
16164
16165
16166
16177
16182
16184
16185
16186
16205
16206
16225
16228
16232
16234
16236
16240
16246
16254
16256
16261
16262
16268
16276
16277
16278
16284
16285
16289
16290
16291
16300
16309
16310
16311
16321
16322
16330
16343
16344
16345
16346
16347
16348
16349
16350
16351
16352
16353
16366
16367
16368
16369
16370
16375
16376
16377
16385
16386
16387
16393
16394
16397
16398
16399
16400
16402
16403
16404
16405
16406
16408
16410
16411
16413
16416
16417
16418
16419
16420
16421
16424
16425
16427
16429
16430
16433
16434
16435
16437
16440
16441
16442
16463
16476
16482
16485
16486
16488
16490
16499
16505
16506
16507
16510
16511
16518
16521
16532
16533
16535
16536
16538
16539
16541
16542
16544
16546
16548
16551
16584
16585
16586
42377
16619
16625
16626
16627
16628
16631
16636
16643
16644
16645
16647
16649
16650
16651
16653
16654
16655
16656
16657
16665
16667
16669
16671
16672
16673
16682
16683
16684
16685
16688
16689
16691
16722
16723
16726
16729
16730
16731
16732
16733
16734
16735
16736
16737
16740
16742
16746
16747
16750
16751
16754
16755
16779
16780
16781
16787
16788
16789
16790
16791
16792
16799
16801
16981
16986
16987
16993
16994
16997
17000
17004
17020
17022
17030
17033
17035
17036
17039
17040
17041
17046
17049
17050
17064
17065
17074
17075
17076
17077
17078
17092
17094
17095
17096
17097
17099
17100
17101
17103
17104
17105
17107
17108
17112
17113
17114
17115
17116
17117
17118
17121
17136
17137
17144
17147
17149
17151
17161
17165
17172
17173
17175
17183
17193
17194
17195
17196
17197
17205
17219
17221
17233
17234
17238
17239
17240
17241
17242
17245
17246
17248
17249
17250
17251
17252
17253
17254
17255
17256
17257
17258
17261
17263
17264
17266
17267
17268
17276
17277
17281
17293
17294
17300
17301
17302
17303
17304
17305
17309
17310
17312
17322
17323
17324
17326
17327
17332
17333
17334
17336
17355
17368
17369
17372
17373
17374
17378
17380
17381
17401
17408
17423
17425
17426
17434
17443
17444
17445
17446
17447
17448
17449
17477
17481
17491
17494
17502
17504
17505
17506
17511
17513
17526
17539
17541
17547
17556
17557
17558
17559
17563
17565
17570
17574
17575
17580
17592
17594
17613
17616
17618
17619
17620
17625
17645
17650
17651
17652
17665
17669
17689
17700
17701
17704
17707
17708
17713
17715
17716
17729
17745
17748
17752
17769
17771
17780
17786
17787
17790
17792
17798
17799
17802
17807
17808
17811
17818
17823
17828
17831
17833
17836
17841
17843
17844
17855
17862
17863
17874
17876
17881
17886
17887
17896
17897
17919
17938
17939
17942
17946
17956
17963
17967
17968
17971
17972
17978
17979
18007
18010
18020
18021
18030
18031
18032
18034
18036
18041
18045
18054
18056
18059
18070
18071
18082
18083
18085
18088
18089
18091
18112
18118
18119
18120
18131
18137
18138
18139
18141
18172
18174
18189
18213
18214
18216
18221
18223
18226
18248
18249
18250
18251
18252
18257
18267
18269
18270
18290
18291
18293
18297
18307
18315
18324
18328
18330
18333
18335
18341
18342
18356
18393
18394
18396
18398
18399
18406
18413
18418
18431
18452
18457
18461
18462
18467
18478
18508
18509
18519
18522
18527
18546
18551
18554
18555
18564
18565
18566
18567
18596
18597
18635
18648
18656
18660
18670
18671
18672
18695
18696
18697
18698
18699
18700
18701
18702
18705
18706
18707
18708
18709
18711
18712
18713
18714
18715
18716
18717
18718
18723
18724
18727
18729
18730
18731
18732
18733
18734
18735
18738
18740
18742
18743
18744
18746
18748
18749
18750
18752
18753
18754
18756
18759
18765
18766
18767
18768
18769
18771
18773
18774
18775
18776
18777
18779
18780
18781
18782
18789
18800
18801
18804
18807
18808
18809
18810
18811
18812
18814
18817
18819
18831
18832
18838
18841
18842
18845
18846
18847
18848
18854
18859
18864
18876
18877
18878
18879
18882
18883
18884
18885
18886
18887
18888
18889
18890
18891
18892
18893
18894
18895
18898
18899
18900
18902
18903
18905
18907
18908
18910
18911
18936
18937
18938
18939
18942
18943
18949
18950
18951
18954
18956
18957
18958
18959
18960
18961
18962
18963
18970
18973
18974
18978
18981
18982
18983
18984
18985
18986
18990
18994
18995
18996
18997
18999
19002
19003
19005
19006
19007
19009
19010
19011
19012
19017
19018
19019
19020
19021
19023
19024
19025
19026
19027
19029
19032
19033
19034
19035
19037
19039
19040
19041
19044
19047
19048
19050
19051
19052
19053
19054
19056
19057
19058
19059
19061
19062
19063
19084
19095
19100
19101
19102
19122
19124
19125
19126
19134
19135
19136
19143
19144
19145
19149
19150
19152
19153
19154
19155
19160
19161
19162
19163
19172
19173
19174
19175
19177
19178
19179
19181
19182
19184
19193
19194
19195
19198
19199
19203
19206
19213
19214
19217
19220
19222
19223
19225
19227
19228
19235
19236
19237
19240
19244
19251
19253
19257
19258
19260
19261
19262
19264
19265
19266
19267
19268
19272
19273
19274
19277
19278
19280
19281
19285
19287
19291
19292
19294
19295
19296
19297
19301
19302
19303
19304
19305
19306
19309
19310
19314
19315
19323
19325
19327
19328
19329
19333
19334
19336
19339
19340
19342
19348
19350
19351
19352
19354
19355
19357
19358
19361
19362
19365
19366
19368
19369
19371
19372
19373
19374
19377
19378
19381
19387
19388
19389
19390
19391
19392
19393
19394
19396
19401
19404
19405
19406
19407
19408
19410
19411
19412
19413
19414
19417
19418
19419
19421
19422
19423
19428
19429
19432
19433
19435
19436
19437
19439
19441
19442
19443
19444
19445
19451
19454
19455
19456
19461
19469
19471
19497
19498
19503
19504
19511
19514
19515
19521
19523
19525
19527
19528
19530
19531
19533
19534
19536
19537
19538
19541
19546
19547
19548
19553
19556
19557
19558
19559
19560
19563
19565
19566
19567
19570
19573
19574
19575
19576
19577
19579
19580
19583
19584
19585
19591
19592
19598
19601
19602
19603
19604
19605
19606
19612
19615
19618
19621
19622
19625
19627
19628
19630
19632
19637
19638
19640
19645
19647
19660
19670
19673
19677
19678
19679
19682
19691
19699
19701
19714
19721
19727
19728
19729
19732
19741
19742
19743
19747
19759
19760
19761
19764
19765
19766
19768
19771
19773
19774
19775
19781
19785
19788
19789
19790
19791
19794
19795
19799
19800
19801
19802
19803
19804
19805
19806
19807
19808
19810
19812
19815
19816
19820
19821
19823
19824
19828
19829
19839
19841
19842
19843
19844
19845
19846
19852
19854
19855
19856
19857
19858
19859
19861
19862
19865
19866
19867
19868
19874
19875
19876
19877
19878
19879
19880
19882
19883
19884
19885
19890
19891
19898
19899
19900
19901
19902
19903
19905
19907
19911
19912
19919
19920
19923
19924
19925
19926
19927
19928
19929
19930
19931
19932
19933
19934
19942
19945
19946
19947
19948
19949
19950
19951
19953
19954
19955
19957
19958
19960
19962
19964
19968
19971
19974
19975
19976
19977
19978
19979
19980
19981
19982
19983
19984
19985
19987
19988
19989
19990
19993
19994
19995
19998
20000
20001
20012
20013
20014
20015
20016
20017
20020
20022
20023
20024
20025
20026
20030
20031
20034
20037
20038
20040
20041
20043
20044
20045
20047
20053
20065
20066
20068
20069
20070
20071
20072
20083
20084
20086
20087
20088
20089
20090
20091
20092
20102
20104
20105
20107
20110
20111
20112
20113
20119
20121
20123
20124
20125
20126
20127
20128
20129
20130
20131
20133
20136
20137
20139
20141
20142
20149
20150
20152
20159
20160
20161
20162
20163
20168
20169
20170
20172
20173
20178
20181
20182
20184
20185
20195
20196
20197
20198
20199
20200
20202
20203
20206
20207
20208
20209
20210
20211
20215
20216
20217
20225
20226
20227
20231
20232
20233
20234
20235
20237
20239
20242
20243
20244
20245
20247
20250
20251
20253
20254
20255
20256
20257
20258
20259
20260
20263
20266
20268
20270
20271
20272
20273
20274
20275
20276
20277
20280
20282
20288
20293
20294
20301
20308
20309
20310
20311
20319
20321
20323
20324
20325
20326
20327
20328
20331
20332
20335
20336
20337
20338
20351
20352
20353
20354
20355
20356
20357
20359
20361
20370
20383
20389
20390
20394
20411
20414
20438
20467
20471
36637
20518
20519
20522
20547
20548
20556
20564
20569
20581
20590
20591
20592
20593
20611
20612
20613
20616
20621
20622
20623
20625
20627
20628
20634
20636
20637
20638
20639
20640
20641
20642
20654
20655
20656
20669
20670
20672
20687
20690
20691
20695
20696
20714
20720
20722
20725
20740
20741
20743
20745
20748
20751
20753
20754
20756
20768
20769
20770
20771
20772
20774
20775
20776
20779
20788
20789
20790
20792
20798
20799
20801
20808
20812
20826
20828
20837
20838
36707
20844
20845
20846
20847
20848
20849
20850
20851
20854
20855
20856
20857
20859
20860
20861
20864
20865
20866
20867
20868
20870
20872
20873
20877
20881
20882
20885
20886
20887
20889
20890
20891
20892
20893
20894
20895
20897
20898
20899
20900
20901
20905
20909
20913
20914
20915
20916
20917
20921
20926
20927
20928
20934
20936
20939
20941
20943
20944
20946
20949
20950
20951
20952
20954
20958
20960
20961
20962
20963
20969
20970
20973
20975
20976
20984
20987
20996
20997
20998
20999
21000
21003
21009
21020
21022
21033
21037
21040
21042
21054
21058
21063
21067
21068
21069
21074
21081
21083
21085
21088
21089
21090
21092
21094
21095
21096
21097
21098
21099
21100
21101
21102
21103
21104
21105
21106
21107
21108
21109
21110
21111
21112
21113
21114
21115
21116
21118
21119
21120
21121
21122
21123
21124
21125
21126
21127
21128
21129
21130
21132
21133
21134
21135
21136
21137
21141
21174
21204
21205
21206
21221
21223
21230
21244
21270
21286
21287
21288
21293
21323
21330
21331
21332
21334
21337
21338
21339
21360
21364
21369
21371
21385
21389
21400
21407
21413
21414
21416
21417
21419
21420
21421
21427
21428
21429
21430
21433
21435
21436
21438
21439
21440
21444
21446
21447
21448
21449
21459
21462
21463
21469
21470
21480
21482
21486
21492
21496
21497
21500
21515
21516
21520
21525
21526
21527
21531
21532
21533
21536
21538
21539
4281
21542
21544
21551
21554
21555
21556
21558
21559
21566
21567
21569
21570
21571
21572
21580
21581
21582
21583
21584
21586
21587
21589
21591
21597
21598
21599
21600
21605
21607
21608
21613
21615
21620
21621
21623
21624
21625
21627
21628
21629
21634
4300
21640
21642
21644
21646
21649
21650
21651
21653
21656
21657
21659
21662
21665
21666
21667
21670
21675
21676
21677
21678
21681
21683
21684
21686
21687
21689
21690
21692
21693
21694
21697
21703
21706
21707
21708
21717
21718
21720
21721
21723
21725
21728
21729
21740
21742
21743
21745
21747
21749
21757
21758
21761
21763
21765
21767
21772
21773
21774
21775
21776
21780
21785
21794
21797
21803
21804
21805
21806
21807
21809
21810
21812
21818
21820
21880
21886
21888
21899
21900
21901
21907
21912
21913
21914
21915
21918
21919
21936
21937
21938
21951
21952
21953
21954
21955
21956
21957
21958
21962
21965
21966
21967
22002
22003
22009
22011
22012
22036
22037
22039
22040
22041
22042
22049
22051
22055
22056
22057
22058
22059
22060
22061
22063
22064
22065
22066
22070
22076
22078
22079
22080
22081
22082
22083
22084
22085
22088
22097
22098
22099
22106
22107
22108
22109
22111
22112
22115
22116
22121
22122
22123
22124
22125
22126
22127
22128
22129
22130
36963
22131
22132
22139
22140
22141
22142
22143
22144
22160
22174
22177
22178
22179
22180
22181
22183
22186
22187
22190
22191
22192
22193
22194
22195
22196
22197
22198
22199
22200
22201
22202
22210
22211
22212
22213
22216
22217
22222
22225
22226
22227
22228
22229
22232
22233
22234
22235
22236
22247
22248
22253
22254
22257
22258
22259
22260
22261
22265
22268
22269
22270
22271
22272
22273
22274
22275
22276
22277
22278
22279
22284
22285
22292
22293
22294
22295
22305
22306
22307
22311
22312
22313
22314
37000
22318
22317
22319
22320
22322
22324
4437
22326
22327
22328
22329
22330
22333
22336
22337
22338
22339
22340
22341
22343
22344
22347
22348
22349
22350
22351
22352
22353
22354
22355
22356
22357
22359
22360
22361
22362
22363
22368
22369
22370
22371
22389
22395
22396
22401
22402
22403
22404
22405
22406
22407
22410
22421
22422
22430
22439
22440
22442
22443
22445
22446
22448
22449
22453
22458
22460
22467
22477
22478
22479
22481
22482
22484
22486
22487
22489
22490
22492
22493
22494
22496
22509
22510
22511
22512
22513
22516
22519
22521
22522
22525
22534
22537
22538
22539
22540
22541
22542
22543
22544
22545
22549
22550
22551
22553
22554
22557
22561
22563
22565
22569
22570
22571
22573
37051
22578
22579
22581
22589
22590
22594
22610
22618
22619
11009
22622
37061
11011
22634
4500
22650
22653
22657
22658
22662
22670
22672
22673
22694
22695
22696
22697
22698
22699
22700
22702
22703
22704
22706
22710
22711
22713
22715
22716
22722
22723
22725
22726
22729
22738
22739
22742
22747
22748
22752
22753
22757
22759
22760
22763
22764
22765
22766
22767
22770
22773
22774
22785
22786
22787
22790
22794
22795
22796
22798
22803
22804
22805
22806
22808
22809
22812
22813
22820
22825
22826
22828
22829
22830
22832
22833
22835
22836
22839
22840
22841
22842
22843
22845
22847
22851
22852
22853
22854
22855
22856
22857
22860
22863
22864
22865
22866
22867
22868
22870
22880
22881
22885
22886
22888
22889
22893
22896
22897
22898
22902
22903
22905
22913
22916
22920
22922
22932
22940
22941
22942
22955
22956
22957
22958
22961
22964
22965
22966
22972
22974
22975
22976
22978
22979
22980
22981
22982
22985
22986
22988
22989
22990
22991
22992
22993
22994
22995
23003
23004
23005
23006
23007
23008
23010
23014
23020
23026
23027
23033
23035
23036
23038
23039
23045
23046
23047
23048
23064
23065
23066
23086
23087
23091
23093
23095
23103
23104
23105
23107
23110
23113
23117
23130
23131
23140
23141
23142
23143
23144
23145
23149
23151
23152
23153
23155
23156
23159
23162
23164
23165
23166
23167
23168
23169
23170
23171
23184
23186
23187
23188
23189
23191
23193
23194
23197
23199
23200
23201
23202
23203
23204
23212
23216
23217
23220
23221
23222
23224
23225
23226
23227
23228
23231
23234
23239
23240
23241
23242
23244
23245
23250
23253
23254
23260
23261
23266
23269
23273
23274
23281
23283
23288
23289
23297
23300
23304
37197
37198
23375
23438
23455
37231
23499
23503
37239
37240
23529
37241
23542
37244
23595
23596
43768
23605
43772
23633
43777
23647
43779
43780
23670
37269
37270
43784
23686
23727
23741
23746
23749
23751
23754
23763
23771
23779
23781
23782
23787
23793
23794
37297
37298
23851
23855
37306
37308
37309
23876
23886
23898
23912
23926
23927
23956
37338
24053
24131
24201
37378
37379
24226
37380
24242
24265
24290
24291
24295
24296
24297
24298
24299
24300
24302
24303
24304
24305
24306
24307
24311
24312
24313
24314
24316
24320
24321
24324
24325
24326
24328
24331
24333
24345
24346
24348
24374
24380
24381
24400
24401
24402
24403
24404
24408
24418
24419
24420
24423
24433
24434
24436
24437
24438
24451
24452
24468
24469
24470
24471
24475
24480
24481
24482
24489
24490
24493
24494
24495
24499
24500
24501
24506
24508
24512
24513
24514
24529
24531
24533
24535
24536
24538
24539
24542
24543
24560
24566
24591
24592
24593
24594
24611
24612
24632
24634
24665
24666
24667
24668
24670
24672
24673
24674
24677
24680
24681
24683
24684
24685
24686
24696
24700
24701
24704
24705
24706
24707
24708
24709
24711
24712
24713
24714
24715
24716
24717
24718
24720
24721
24722
24724
24725
24727
24728
24729
24731
37480
24737
24738
24739
24740
24742
24745
37483
24749
24750
24751
24752
24753
24755
24756
37485
24760
24767
24768
24769
24770
24771
24772
24773
24775
24776
24777
24778
24779
24781
24782
24785
24786
24793
24809
24810
24811
24812
24813
24814
24815
24816
24817
24818
24819
24820
24827
24834
24835
24836
24837
24838
24839
24840
24841
24842
24844
24845
24846
24849
24851
24852
24853
24854
24859
24863
24872
24874
24876
24877
24878
24879
24881
24882
24883
24884
24885
24886
24887
24888
24902
24904
24905
24909
24911
24913
24914
24915
24917
24918
24919
24922
24923
24931
24936
24939
24940
24955
24960
24962
24975
24977
24981
24982
24983
24988
24990
24996
24999
25007
25009
25012
25014
25022
25024
25025
25026
25027
25030
25031
25032
25033
25034
25036
25037
25038
25039
25040
25041
25042
25045
25101
25109
25140
25152
25179
25180
25220
25222
25226
25239
25244
25248
25302
25370
25377
25385
25398
25415
25428
25485
25489
25519
25522
25528
25531
25533
25534
25535
25563
25577
25579
25588
25593
25607
25611
25612
25613
25617
25618
25624
25625
25635
25636
25637
25653
25660
25661
25663
25742
25746
25749
25750
25752
25753
25754
25755
25756
25757
25759
25762
25763
25764
25765
25770
25771
25772
25773
25776
25777
25778
25779
25780
25782
25783
25791
25792
25793
25794
25796
25798
25799
25800
25801
25802
25803
25805
25806
25807
25808
25810
25819
25820
25821
25822
25823
25824
25838
25841
37702
37703
25855
25856
25857
25858
25859
25860
25861
25862
25863
25864
25865
25866
25867
25868
25869
25870
25871
25877
25880
25881
25882
25883
25884
25885
25886
25887
25890
25892
25893
25894
25895
25896
25897
25899
25900
25901
25904
25906
25907
25908
25909
25910
25915
25917
25918
25920
25921
25927
25928
25936
25937
25938
25939
25940
25941
25942
25943
25944
25945
25946
25948
25950
25951
25952
25953
25954
25955
25956
25957
25958
25959
25960
25961
25962
25963
25964
25965
25966
25969
25970
25971
25975
25976
25977
25980
25981
25984
25985
25989
25990
25991
25992
25993
25994
25995
25996
25997
26000
26002
26003
26004
26005
26006
26010
26011
26014
26015
26016
26037
26038
26045
26046
26049
26050
26058
26066
26075
26076
26077
26078
26079
26080
26081
26082
26083
26084
26085
26086
26087
26089
26093
26096
26097
26098
26099
26100
26101
26102
26103
26106
26107
26109
26111
26112
26113
26114
26119
26120
26126
26127
26128
26129
26130
26131
26132
26133
26134
26135
26136
26137
26138
26139
26140
26141
26142
26149
26156
26162
26163
26165
26166
26168
26171
26172
26173
26174
26175
26176
26179
26180
26181
26182
26184
26189
26190
26198
26200
26204
26205
26206
26207
26208
26209
26210
26211
26212
26214
26224
26225
26226
26227
26228
26229
26230
26231
26232
26233
26234
26235
26236
26237
26248
26249
26250
26251
26252
26253
26254
26255
26257
26258
26260
26261
26262
26263
26264
26265
26266
26267
26268
26269
26271
26272
26273
26274
26275
26276
26277
26278
26282
26284
26285
26288
26292
26295
26298
26299
26301
26302
26303
26304
26307
26308
26310
26311
26312
26313
26315
26316
26317
26318
26320
26321
26322
26323
26324
26325
26326
26327
26328
26329
26330
26332
26333
26334
26335
26336
26340
26344
26345
26346
26347
26348
26349
26350
26351
26352
26353
26354
26355
26356
26357
26358
26359
26360
26361
26362
26363
26364
26365
26366
26369
26370
26371
26372
26373
26374
26375
26378
26381
26384
26385
26389
26404
26406
26407
26408
26409
26413
26414
26415
26416
26417
26418
26421
26422
26438
26440
26441
26442
26443
26445
26446
26447
26448
26449
26454
26456
26460
26462
26463
26466
26468
26471
26473
26479
26480
26488
26489
26490
26491
26492
26493
26497
26498
26499
26500
26503
26524
26525
26526
26527
26528
26530
26533
26535
26536
26537
26538
26539
26540
26541
26543
26544
26547
26554
26570
26571
26572
26573
26574
26581
26594
26595
26601
26602
26603
26604
26605
26607
26608
26610
26611
26614
26618
26619
26620
26621
26622
26623
26625
26626
26627
26631
26632
26633
26634
26635
26636
26637
26665
26666
26667
26668
26669
26671
26672
26673
26674
26675
26676
26677
26679
26680
26682
26683
26688
26689
26690
26691
26693
26698
26718
26722
26726
26727
26728
26729
26730
26731
26733
26736
26739
26740
26745
26747
26750
26754
26767
26770
26786
26787
26788
26790
26791
26793
26799
26800
26801
26802
26803
26805
26806
26808
26814
26815
26818
26822
26823
26824
26831
26834
26835
26839
26842
26845
26846
26847
26849
26857
26858
26860
26862
26863
26869
26871
26875
26877
26879
26886
26889
26890
26891
26892
26893
26894
26895
26896
26897
26899
26900
26901
26903
26912
26915
26918
26919
26920
26921
26922
26923
26924
26929
26930
26932
26944
26945
26946
26947
26948
26949
26951
26952
26953
26954
26955
26956
26957
26958
26959
26960
26961
26964
26965
26966
26970
26975
26976
26977
26979
26980
26983
26984
26988
26990
27000
27017
27018
27019
27021
27022
27028
27029
27031
27032
27033
27034
27042
27044
27045
27099
27112
27134
27136
27137
27151
27154
27156
27167
27170
27174
27178
27179
27182
27183
27184
27209
27227
27229
27234
27240
27285
27288
27291
27306
27307
27308
27339
27350
27353
27382
27393
27397
27399
27404
27406
27407
27424
27426
27428
27429
27433
27434
27439
27440
27441
27445
27462
27463
27464
27465
27494
27502
27518
27524
27526
27527
27528
27529
27561
27562
27564
27567
27588
27605
27606
27608
27611
27612
27614
27616
27617
27619
27666
27667
27668
27675
27677
27685
27704
27705
27706
27709
27710
27727
27728
27729
27735
27737
27738
27752
27777
27778
27779
27785
27786
27787
27798
27799
27800
27808
27809
27810
27813
27814
27815
27816
27817
27820
27822
27828
27829
27830
27831
27832
27833
27834
27835
38097
27840
27841
27842
27843
38098
27857
27862
27864
27866
27869
27870
27872
27873
27874
27875
27877
27878
27879
27880
27881
27883
27884
27885
27886
27887
27888
27890
27891
27892
27893
27894
27895
27896
27901
27904
27905
27913
27916
27918
27919
27924
27925
27930
27935
27945
27946
27947
27952
27953
27959
27963
27964
27967
27968
27969
27970
27971
27972
27973
27974
27975
27976
27978
27981
27982
27985
27991
27994
27996
27997
28002
28003
28004
28005
28006
28007
28013
28014
28015
28016
28025
28026
28039
28045
28048
28049
28050
28060
28061
28065
28068
28069
28073
28074
28075
28079
28084
28085
28087
28096
28099
28100
28105
28106
28116
28117
28118
28130
28136
28138
28141
28143
28144
28153
28154
28156
28161
28174
28176
28177
28178
28180
28183
28184
28185
28186
28188
28192
28196
28197
28199
28202
28205
28206
28208
28209
28210
28213
28214
28215
28217
28220
28226
28229
28230
28237
28238
28240
28243
28245
28246
28247
28248
28249
28253
28256
28257
28260
28261
28262
28264
28266
28270
28271
28272
28274
28276
28281
28285
28306
28311
28312
28313
28315
28316
28317
28319
28323
28324
28333
28334
28335
28337
28338
28342
28343
28347
28350
28351
28363
28364
28366
28367
28368
28374
28375
28378
28379
28387
28389
28396
28400
28405
28406
28408
28412
28422
28457
28458
28459
28462
28465
28467
28468
28469
28474
28475
28476
28477
28478
28479
28480
28481
28487
28502
28505
28506
28518
28522
28528
28539
28542
28543
28545
28546
28558
28584
28588
28602
28607
28614
28620
28621
28630
28646
28650
28654
28656
28660
28663
28673
28674
28675
28679
28680
28682
28702
28709
28724
28725
28742
28754
28764
28816
28831
28877
28878
28879
28880
28881
28882
28885
28886
28889
28890
28899
28904
28905
28908
28909
28910
28911
28912
28913
28915
28916
28917
28924
28925
28929
28930
28933
28934
28940
28941
28942
28945
28949
28950
28951
28954
28957
28965
28966
28967
28968
28978
28981
28985
28989
28992
29001
29002
29003
29005
29021
29037
29038
29039
29040
29042
29044
29058
29061
29062
29066
29082
29083
29084
29117
29121
29149
29203
29207
29215
29222
29230
29237
29241
29242
29254
29259
29268
29274
29286
29287
29290
29316
29317
29321
29339
29351
29361
38400
29363
29369
38403
29378
38404
29401
29408
29411
5848
29438
29444
29460
29468
29471
29475
29496
29497
29498
29501
29508
29510
29513
29514
29523
29524
29531
29536
29538
29541
29550
38438
38439
29578
29586
29593
29600
29601
29602
29608
29616
29617
29621
29623
29646
29668
29673
29688
29689
29731
29733
29778
29784
29788
29794
29821
29849
29851
29853
29854
29855
29857
29872
29873
29874
29875
29876
29878
29879
29880
29881
29882
29884
29887
29889
29892
29894
29914
29915
29920
29923
29930
29939
29942
29943
29944
29949
29950
29951
29952
29956
29965
29976
29978
29982
30005
30006
30007
30008
30010
30020
30039
30040
30045
30046
30047
30048
30059
30060
30061
30067
30069
30070
30075
30076
30078
30079
30080
30081
30082
30083
30084
30085
30102
30103
30104
30105
30106
30107
30108
30109
30118
30127
30130
30132
30136
30139
30140
30142
30143
30144
30150
30154
30157
30161
30164
30167
30168
30169
30171
30172
30173
30174
30175
30177
30187
30188
30195
30196
30198
30199
30200
30201
30210
30215
30232
30238
30239
30240
30241
30249
30256
30257
30260
30261
30268
30269
30271
30274
30276
30277
30278
30279
30283
30285
30289
30310
30326
30334
30337
30340
30341
30343
30346
30347
30351
30355
30356
30357
30363
30372
30373
30374
30378
30390
30391
30392
30394
30395
30398
30400
30406
30408
30409
30410
30412
30416
30419
30430
30431
30432
30433
30434
30435
30436
30441
30442
30448
30449
30451
30452
30453
30456
30465
30467
30476
30489
30491
30496
30509
30510
30514
30516
30524
30526
30527
30528
30533
30542
30544
30545
30550
30557
30561
30578
30584
30587
30588
30594
30595
30602
30603
30626
30636
30644
30645
30674
30675
30677
30682
30683
30688
30689
30691
30697
30699
30701
30708
30709
30710
30712
30718
30722
30729
30734
30735
30736
30737
30740
30744
30747
30748
30757
30760
30771
30774
30778
30780
30782
30785
30792
30793
30795
30796
30798
30800
30826
38692
30831
30830
38693
30838
38694
30840
30841
30845
30846
30847
30848
38695
30852
30856
30863
30865
30866
30867
30869
30870
30871
30872
30873
30884
30886
30887
30888
30892
30893
30894
30897
30901
30902
30903
30905
30906
30910
30930
30931
30932
30962
30966
30967
31000
31012
31013
31014
31024
31029
31030
31059
31070
31071
31072
31074
31075
31076
31077
31078
31079
31085
31086
31092
31097
31098
31099
31104
31112
31113
31116
31121
31122
31123
31132
31133
31136
31137
31141
31142
31143
31150
31151
31156
31161
31166
31168
31169
31172
31174
31176
31178
31182
31187
31189
31195
31200
31201
31202
31208
31209
31211
31214
31215
31216
31218
31219
31226
31227
31229
31230
31232
31234
31235
31238
31239
31240
31246
31247
31249
31251
31252
31253
31257
31259
31262
31270
31272
31275
31279
31280
31281
31283
31290
31291
31292
31293
31298
31306
31308
31309
31311
31312
31315
31319
31320
31321
31322
31323
31325
31327
31329
31331
31332
31333
31334
31335
31342
31346
31348
31349
31351
31354
31367
31379
31392
31393
31394
31395
31398
31399
31401
31402
31407
31408
31409
31412
31413
31417
31418
31422
31430
31469
31470
31474
31475
31477
31478
31480
31481
31482
31483
31487
31488
31489
31490
31492
31522
31527
31528
31530
31532
31539
31546
31553
31555
31556
31560
31562
31563
31566
31575
31577
31582
31583
31617
31623
31624
31625
31627
31631
31646
31648
31649
31650
31651
31658
31659
31661
31663
31664
31668
31669
31670
31671
31674
31681
31684
31689
31691
31694
31704
31705
31706
31707
31708
31709
31712
31716
31722
31724
31732
31735
31736
31737
31764
31768
31769
31774
31775
31778
31783
31796
31799
31806
31810
31817
31818
31820
31831
31836
31839
31845
31872
31901
31906
31907
31908
31915
31916
31918
31938
31951
31959
31975
31990
31991
31997
32002
32005
32009
32029
32034
32042
32043
32044
32061
32070
32137
32145
32147
32155
32156
32157
32158
32162
32163
32165
32166
32172
32173
32174
32175
32176
32182
32183
32200
32203
32208
32211
32212
32217
32219
32220
32225
32231
32237
32240
32246
32288
32290
32291
32294
32299
32300
32301
32302
32304
32305
32306
32308
32309
32310
32311
32318
32319
32320
32321
32322
32323
32324
32325
32326
32327
32328
32329
32338
32340
32343
32353
32358
32372
32377
32378
32380
32382
32387
32388
32389
32390
32392
32393
32399
32448
32450
32452
32454
32455
32457
32458
32460
39017
32467
32468
32469
39018
32477
32478
32485
32486
39022
32498
6476
32658
32660
32661
32663
32685
