1
78
371
664
948
1232
1516
1810
2046
2404
2707
2999
3284
3561
3864
4172
4467
4766
5062
5348
5635
5919
6216
6528
6825
7107
7394
7671
7954
8247
8540
8838
9143
9433
9711
9999
10284
10592
10896
11192
11481
11782
12067
12352
12646
12951
13268
13563
13843
14132
14424
14712
15013
15311
15608
15901
16184
16466
16756
17059
17360
17658
17948
18228
18515
18797
19082
19390
19695
19990
20273
20555
20839
21132
21425
21730
22031
22322
22604
22882
23165
23455
23758
24054
24347
24627
24915
25199
25486
25781
26090
26388
26672
26953
27239
27537
27834
28134
28432
28728
29016
29295
29582
29874
30183
30488
30780
31066
31350
31637
31929
32226
32532
32837
33128
33405
33693
33982
34275
34576
34871
35169
35456
35737
36017
36311
36606
36917
37216
37501
37784
38072
38357
38653
38951
39253
39549
39827
40097
40383
40679
40971
41273
41568
41851
42118
42417
42699
42998
43308
43605
43894
44173
44457
44744
45031
45324
45629
45926
46205
46480
46761
47038
47336
47634
47921
48203
48487
48767
49041
49324
49619
49924
50215
50492
50772
51057
51341
51628
51922
52217
52507
52785
53064
53342
53633
53924
54221
54509
54785
55065
55345
55627
55909
56209
56503
56786
57056
57334
57617
57902
58193
58491
58789
59078
59355
59633
59921
60215
60517
60819
61107
61392
61681
61965
62249
62548
62853
63156
63440
63712
64000
64289
64583
64877
65175
65465
65751
66032
66309
66605
66793
67132
67435
67729
68009
68303
68596
68887
69192
69505
69797
70075
70358
70644
70942
71241
71541
71847
72139
72418
72704
72999
73302
73613
73913
74197
74484
74768
74987
75333
75633
75937
76235
76516
76787
77075
77368
77665
77955
78252
78540
78826
79101
79387
79690
79993
80292
80584
80870
81153
81440
81732
82032
82337
82638
82929
83210
83493
83796
84105
84408
84711
85011
85304
85581
85871
86173
86479
86781
87080
87365
87653
87942
88233
88531
88835
89137
89422
89705
89989
90287
90591
90886
91191
91483
91762
92048
92339
92634
92946
93247
93535
93825
94104
94397
94694
94997
95300
95608
95894
96172
96452
96748
97051
97349
97646
97938
98229
98509
98790
99085
99383
99581
99931
100219
100497
100782
101072
101362
101655
101943
102236
102518
102794
103075
103372
103670
103965
104263
104547
104832
105119
105408
105708
106017
106316
106601
106883
107160
107456
107753
108046
108343
108645
108927
109200
109487
109773
110078
110376
110675
110964
111245
111525
111812
112109
112406
112712
113002
113282
113564
113851
114143
114429
114717
115002
115281
115548
115816
116085
116371
116655
116941
117215
117495
117767
118045
118324
118608
118913
119217
119511
119793
120078
120377
120677
120992
121302
121606
121891
122171
122462
122752
123051
123361
123665
123937
124223
124508
124777
125061
125356
125650
125927
126205
126477
126748
127026
127315
127605
127895
128087
128424
128699
128959
129232
129521
129800
130058
130319
130569
130820
131075
131328
131586
131854
132123
132382
132630
132884
133133
133391
133664
133934
134198
134465
134739
134991
135244
135506
135782
136062
136352
136631
136900
137172
137450
137730
138009
138305
138600
138890
139165
139441
139721
140011
140303
140600
140883
141153
141424
141685
141944
142208
142481
142748
143012
143266
143516
143767
144026
144287
144559
144833
145113
145383
145648
145904
146171
146447
146738
147014
147291
147566
147834
148100
148366
148639
148917
149206
149489
149770
150031
150305
150577
150850
151124
151408
151701
151975
152238
152512
152783
153068
153363
153645
153924
154194
154472
154743
155010
155293
155590
155866
156134
156396
156649
156907
157170
157432
157697
157961
158235
158491
158731
158975
159227
159481
159739
160003
160261
160508
160756
161006
161256
161502
161766
162037
162310
162575
162837
163094
163364
163631
163900
164183
164462
164732
164993
165247
165500
165757
166034
166302
166571
166843
167113
167372
167642
167913
168192
168486
168786
169075
169350
169631
169908
170203
170497
170720
171075
171374
171654
171922
172201
172483
172777
173068
173353
173630
173908
174177
174453
174738
175025
175324
175610
175878
176146
176429
176700
176977
177250
177524
177799
178060
178318
178579
178843
179119
179389
179663
179928
180184
180445
180706
180965
181238
181525
181812
182086
182355
182625
182898
183182
183476
183780
184073
184362
184651
184935
185214
185511
185830
186139
186429
186718
187007
187292
187579
187873
188180
188482
188765
189044
189331
189626
189931
190229
190530
190822
191113
191397
191675
191978
192283
192576
192863
193147
193424
193704
193995
194282
194576
194869
195157
195428
195702
195980
196270
196561
196849
197134
197416
197686
197951
198226
198506
198793
199077
199354
199620
199896
200164
200437
200716
200994
201273
201546
201808
202068
202340
202616
202898
203184
203470
203742
204023
204301
204576
204856
205160
205460
205738
206017
206290
206568
206846
207131
207422
207726
208006
208279
208549
208823
209102
209394
209685
209974
210257
210535
210810
211087
211366
211655
211952
212229
212503
212779
213059
213328
213608
213896
214182
214466
214739
215006
215282
215564
215852
216142
216432
216711
216991
217270
217548
217826
218123
218418
218706
218974
219247
219531
219814
220100
220393
220692
220978
221254
221528
221805
222083
222376
222667
222953
223229
223508
223785
224048
224331
224623
224917
225196
225474
225744
226025
226297
226575
226864
227146
227429
227703
227977
228240
228518
228809
229096
229378
229661
229937
230215
230486
230762
231059
231359
231640
231915
232191
232461
232733
233017
233303
233590
233876
234152
234416
234686
234960
235251
235548
235829
236110
236391
236666
236929
237206
237497
237785
238072
238345
238611
238885
239159
239435
239719
239998
240268
240542
240811
241067
241320
241590
241857
242116
242375
242633
242881
243133
243390
243644
243910
244193
244463
244730
244986
245248
245517
245793
246067
246353
246649
246936
247203
247470
247743
248019
248301
248588
248879
249159
249435
249707
249990
250274
250559
250860
251161
251443
251713
251995
252287
252586
252869
253161
253457
253743
254011
254284
254586
254893
255172
255454
255739
256028
256297
256574
256862
257159
257441
257711
257967
258227
258480
258739
259006
259281
259542
259813
260078
260335
260587
260854
261134
261419
261692
261969
262242
262517
262790
263064
263351
263642
263932
264219
264500
264774
265063
265355
265653
265948
266239
266530
266816
267100
267377
267680
267980
268261
268546
268824
269103
269385
269671
269962
270258
270552
270823
271096
271371
271657
271955
272246
272534
272840
273124
273395
273676
273968
274265
274562
274854
275133
275404
275673
275950
276237
276517
276806
277104
277390
277650
277924
278213
278519
278815
279100
279383
279577
279919
280210
280512
280816
281111
281403
281683
281956
282235
282515
282803
283098
283390
283673
283945
284218
284493
284779
285074
285364
285654
285937
286212
286487
286764
287053
287355
287658
287946
288227
288508
288795
289077
289374
289668
289972
290259
290539
290815
291112
291409
291697
291991
292282
292568
292846
293124
293413
293714
294012
294297
294583
294858
295144
295422
295719
296015
296321
296613
296890
297171
297452
297739
298034
298336
298629
298921
299207
299485
299757
300053
300361
300664
300941
301212
301496
301783
302065
302349
302646
302949
303242
303504
303774
304067
304363
304640
304925
305212
305499
305710
306037
306338
306642
306945
307235
307515
307746
308064
308351
308626
308913
309218
309517
309781
310054
310334
310629
310916
311200
311490
311784
312063
312329
312606
312828
313196
313510
313809
314092
314374
314666
314953
315246
315543
315845
316137
316416
316694
316983
317267
317562
317786
318146
318439
318730
319012
319224
319588
319906
320206
320495
320787
321073
321373
321664
321969
322276
322574
322858
323140
323427
323732
324046
324342
324642
324931
325217
325496
325784
326090
326397
326699
326988
327278
327567
327861
328151
328453
328755
329058
329340
329621
329914
330218
330525
330821
331125
331412
331705
331990
332281
332590
332899
333201
333480
333769
334057
334349
334645
334945
335250
335544
335824
336101
336387
336681
336981
337283
337572
337865
338147
338433
338723
339026
339328
339637
339927
340206
340494
340781
341076
341380
341686
341975
342267
342549
342823
343118
343411
343707
343996
344281
344558
344845
345130
345417
345724
346019
346310
346598
346805
347149
347456
347761
348064
348369
348660
348936
349223
349504
349806
350113
350411
350694
350981
351266
351482
351822
352116
352417
352712
352988
353258
353550
353834
354130
354427
354719
355017
355304
355581
355859
356166
356465
356759
357047
357329
357612
357902
358187
358484
358791
359088
359366
359635
359904
360183
360472
360765
361053
361346
361627
361896
362164
362452
362734
363028
363320
363607
363879
364159
364448
364732
365023
365331
365641
365916
366193
366484
366779
367065
367364
367676
367961
368249
368532
368825
369111
369411
369716
370012
370280
370558
370843
371133
371408
371705
372008
372301
372559
372836
373125
373429
373714
374001
374305
374596
374856
375126
375413
375717
376000
376289
376577
376862
377083
377406
377701
378007
378310
378609
378887
379160
379441
379732
380025
380313
380612
380900
381174
381454
381727
382017
382310
382610
382896
383184
383459
383745
384029
384318
384616
384917
385207
385489
385770
386052
386350
386651
386942
387243
387534
387813
388086
388374
388673
388981
389279
389565
389861
390151
390435
390732
391041
391346
391642
391925
392205
392495
392782
393078
393379
393675
393958
394245
394521
394802
395097
395403
395698
395990
396269
396554
396847
397135
397337
397706
398009
398295
398570
398855
399140
399437
399732
400025
400324
400600
400879
401165
401454
401760
402062
402362
402647
402934
403217
403510
403806
404102
404405
404698
404981
405256
405545
405837
406132
406426
406717
407007
407290
407561
407850
408152
408453
408747
409031
409315
409598
409882
410178
410478
410783
411073
411354
411633
411917
412207
412514
412818
413110
413403
413693
413970
414250
414543
414849
415145
415432
415704
415996
416277
416557
416851
417154
417446
417730
418008
418285
418578
418867
419157
419455
419746
420023
420303
420585
420875
421174
421475
421768
421996
422322
422605
422820
423165
423463
423769
424065
424341
424617
424895
425189
425494
425790
426079
426382
426663
426939
427226
427525
427829
428130
428414
428700
428993
429278
429560
429868
430167
430471
430756
431036
431317
431616
431912
432210
432510
432800
433083
433366
433649
433843
434213
434514
434812
435097
435372
435660
435953
436151
436514
436821
437119
437402
437683
437966
438270
438572
438866
439159
439455
439741
440024
440315
440624
440935
441232
441520
441816
442110
442407
442624
442994
443306
443608
443889
444177
444475
444706
445062
445364
445660
445949
446228
446508
446801
447106
447402
447697
447981
448265
448549
448837
449139
449443
449749
450039
450327
450608
450896
451194
451502
451807
452102
452391
452679
452960
453252
453546
453853
454155
454445
454652
454998
455295
455589
455889
456191
456489
456773
457047
457334
457637
457938
458170
458525
458817
459105
459382
459665
459968
460276
460573
460860
461150
461435
461722
462015
462317
462623
462920
463199
463483
463766
464050
464362
464665
464961
465258
465540
465821
466106
466406
466709
467012
467309
467590
467879
468166
468460
468763
469067
469364
469662
469943
470232
470532
470839
471140
471445
471728
472020
472305
472590
472889
473203
473500
473793
474075
474364
474654
474945
475239
475549
475852
476137
476418
476707
477001
477309
477606
477900
478197
478482
478758
479041
479333
479634
479932
480219
480495
480781
481058
481342
481643
481942
482240
482526
482802
483072
483352
483636
483932
484222
484508
484787
485074
485353
485642
485940
486254
486558
486845
487130
487425
487720
488021
488321
488637
488933
489215
489498
489790
490092
490395
490696
490996
491288
491571
491851
492147
492446
492751
493047
493341
493625
493915
494201
494493
494792
495087
495372
495650
495926
496203
496501
496714
497076
497378
497666
497946
498231
498519
498813
499116
499419
499703
499989
500270
500550
500850
501147
501449
501747
502041
502318
502602
502889
503192
503498
503795
504082
504376
504656
504937
505229
505530
505831
506126
506399
506680
506971
507257
507554
507856
508162
508457
508745
509021
509321
509625
509925
510222
510522
510806
511094
511373
511661
511972
512279
512569
512852
513137
513425
513722
514015
514320
514629
514920
515196
515477
515764
516066
516373
516668
516972
517267
517555
517833
518130
518428
518735
519030
519309
519595
519883
520151
520464
520770
520983
521343
521629
521914
522210
522513
522816
523118
523418
523710
524000
524281
524579
524892
525200
525493
525782
526066
526357
526648
526942
527245
527550
527839
528120
528404
528691
528993
529294
529601
529898
530192
530473
530765
531059
531359
531669
531969
532258
532545
532829
533123
533417
533721
534014
534309
534594
534874
535162
535460
535769
536069
536366
536646
536932
537213
537507
537812
538117
538423
538709
538994
539279
539577
539876
540173
540473
540770
541053
541335
541617
541918
542228
542531
542827
543117
543409
543690
543984
544287
544591
544896
545183
545457
545743
546024
546308
546601
546861
547201
547484
547759
548033
548336
548634
548927
549219
549503
549786
550071
550350
550642
550954
551255
551533
551817
552098
552387
552682
552976
553284
553590
553878
554156
554440
554725
555028
555325
555615
555916
556205
556487
556767
557057
557362
557669
557963
558240
558529
558814
559104
559397
559697
559999
560298
560578
560847
561143
561437
561734
562021
562310
562593
562813
563144
563425
563733
564031
564321
564603
564884
565165
565454
565742
566042
566261
566617
566900
567186
567381
567722
568028
568328
568626
568921
569205
569483
569764
570060
570367
570669
570959
571247
571539
571832
572124
572429
572732
573041
573329
573609
573895
574194
574431
574787
575097
575388
575679
575960
576250
576552
576864
577164
577457
577742
578026
578312
578602
578902
579206
579449
579792
580077
580359
580649
580949
581247
581544
581836
582120
582396
582670
582922
583240
583540
583823
584099
584364
584636
584904
585176
585456
585732
586012
586277
586526
586772
587031
587301
587573
587844
588114
588378
588644
588907
589179
589455
589748
590042
590317
590589
590865
591145
591419
591708
592001
592289
592573
592855
593069
593388
593685
593992
594282
594564
594856
595128
595403
595691
595994
596279
596585
596881
597138
597403
597671
597926
598187
598460
598715
598970
599223
599470
599705
599954
600216
600485
600740
601013
601274
601538
601801
602065
602331
602612
602894
603180
603456
603724
603990
604278
604566
604846
605150
605461
605738
606009
606294
606589
606882
607180
607476
607768
608045
608310
608577
608855
609138
609427
609717
609989
610263
610546
610825
611110
611401
611697
611988
612265
612541
612821
613109
613401
613695
613986
614261
614540
614818
615091
615372
615678
615969
616251
616528
616804
617088
617368
617657
617951
618249
618530
618806
619083
619364
619655
619953
620251
620542
620827
621104
621380
621662
621945
622248
622543
622825
623090
623369
623640
623919
624192
624483
624766
625051
625311
625580
625856
626140
626429
626717
627001
627282
627556
627828
628104
628392
628690
628982
629173
629497
629762
630029
630291
630563
630839
631111
631379
631637
631900
632158
632416
632689
632960
633230
633500
633769
634029
634285
634546
634828
635109
635396
635686
635967
636240
636521
636813
637107
637401
637705
637999
638284
638562
638848
639142
639448
639746
640041
640331
640617
640902
641179
641482
641778
642067
642338
642615
642889
643166
643441
643723
644007
644288
644550
644809
645064
645322
645582
645865
646133
646395
646660
646919
647169
647415
647673
647936
648205
648479
648734
648979
649233
649486
649735
