1
266
577
878
1182
1484
1796
2129
2445
2746
3045
3348
3648
3956
4284
4611
4940
5256
5582
5893
6218
6555
6874
7180
7483
7782
8099
8419
8741
9062
9362
9665
9965
10281
10599
10912
11225
11522
11805
12098
12397
12700
13002
13302
13600
13887
14171
14462
14770
15083
15384
15685
15979
16270
16577
16888
17220
17537
17839
18147
18447
18741
19049
19368
19690
19992
20288
20595
20895
21201
21519
21838
22138
22425
22729
23028
23328
23641
23956
24269
24562
24861
25167
25466
25775
26084
26390
26686
26975
27274
27576
27876
28188
28493
28785
29065
29345
29651
29956
30261
30575
30881
31183
31480
31793
32118
32438
32759
33067
33376
33680
33982
34310
34631
34940
35240
35542
35848
36156
36478
36806
37117
37419
37720
38028
38334
38649
38976
39285
39579
39875
40179
40482
40790
41107
41415
41708
41998
42287
42593
42903
43204
43523
43829
44115
44405
44706
45016
45325
45630
45931
46217
46500
46786
47092
47392
47685
47980
48264
48543
48827
49115
49423
49729
50026
50326
50619
50908
51211
51521
51842
52149
52449
52751
53046
53337
53642
53954
54257
54552
54842
55127
55412
55707
56007
56306
56591
56865
57149
57441
57738
58055
58377
58704
59026
59345
59661
59979
60297
60625
60943
61247
61540
61849
62162
62475
62794
63108
63415
63711
64025
64358
64685
65015
65329
65640
65941
66241
66574
66897
67212
67525
67832
68138
68443
68774
69105
69429
69741
70053
70365
70680
71012
71347
71672
71982
72288
72600
72908
73230
73560
73869
74167
74461
74768
75073
75380
75704
76013
76301
76595
76892
77194
77502
77814
78127
78417
78700
78987
79290
79596
79897
80207
80507
80795
81087
81376
81689
81996
82293
82607
82905
83189
83485
83789
84104
84406
84700
84994
85276
85549
85837
86139
86441
86736
87026
87312
87593
87874
88167
88471
88771
89057
89341
89630
89909
90196
90497
90803
91105
91389
91676
91967
92254
92552
92853
93154
93441
93721
94006
94289
94577
94876
95166
95457
95724
95979
96239
96511
96792
97080
97377
97675
97971
98257
98558
98884
99190
99496
99806
100110
100403
100691
101005
101328
101644
101962
102274
102581
102886
103203
103529
103848
104167
104476
104791
105097
105417
105759
106084
106400
106707
107021
107337
107654
107995
108321
108620
108923
109231
109539
109850
110173
110491
110793
111091
111390
111707
112023
112341
112660
112963
113259
113560
113878
114205
114528
114860
115177
115478
115784
116096
116419
116736
117053
117360
117659
117962
118274
118598
118917
119231
119542
119839
120136
120440
120760
121078
121380
121680
121973
122262
122565
122875
123189
123492
123777
124075
124363
124648
124950
125257
125563
125855
126144
126447
126752
127064
127385
127715
128030
128329
128639
128952
129268
129587
129903
130210
130501
130794
131105
131411
131716
132028
132339
132632
132920
133219
133518
133809
134092
134370
134652
134933
135230
135558
135900
136233
136565
136897
137223
137544
137895
138235
138560
138876
139192
139508
139821
140157
140491
140808
141116
141427
141740
142051
142377
142702
143012
143314
143615
143922
144222
144530
144853
145159
145453
145743
146048
146361
146674
146995
147319
147620
147926
148233
148558
148880
149198
149526
149832
150131
150440
150765
151088
151400
151718
152017
152309
152602
152915
153245
153564
153883
154192
154493
154807
155126
155459
155779
156081
156393
156693
156990
157307
157634
157950
158253
158555
158850
159145
159460
159785
160114
160424
160735
161053
161367
161694
162024
162362
162678
162980
163294
163600
163907
164224
164537
164830
165119
165418
165721
166030
166346
166663
166967
167256
167549
167864
168176
168485
168794
169107
169411
169708
170023
170350
170667
170987
171292
171593
171889
172191
172521
172838
173145
173457
173766
174069
174371
174698
175015
175322
175622
175915
176213
176509
176820
177137
177444
177740
178029
178319
178610
178905
179214
179526
179822
180123
180426
180740
181060
181380
181715
182029
182327
182634
182950
183264
183580
183909
184212
184506
184807
185112
185436
185751
186064
186374
186669
186975
187283
187607
187929
188239
188553
188852
189143
189451
189772
190091
190405
190719
191027
191336
191652
191976
192317
192635
192944
193258
193569
193892
194223
194563
194886
195192
195516
195831
196154
196484
196818
197136
197438
197751
198063
198373
198696
199017
199324
199620
199924
200232
200551
200872
201188
201503
201801
202102
202423
202741
203063
203378
203690
203991
204279
204585
204906
205218
205529
205839
206146
206453
206766
207092
207408
207721
208024
208329
208620
208919
209244
209555
209857
210153
210442
210737
211031
211327
211638
211933
212215
212495
212777
213065
213359
213664
213974
214273
214563
214853
215154
215458
215768
216095
216406
216705
217001
217302
217620
217935
218256
218580
218877
219173
219473
219787
220101
220408
220730
221033
221319
221618
221930
222248
222562
222880
223185
223481
223781
224088
224415
224731
225038
225349
225644
225934
226236
226551
226861
227160
227452
227751
228036
228322
228631
228953
229268
229562
229864
230164
230459
230763
231072
231382
231676
231964
232266
232564
232876
233202
233527
233856
234154
234470
234785
235102
235424
235738
236050
236347
236644
236956
237269
237583
237896
238203
238495
238786
239099
239413
239724
240036
240346
240646
240939
241249
241571
241890
242212
242517
242820
243110
243404
243725
244041
244345
244652
244955
245257
245561
245883
246209
246522
246826
247123
247425
247721
248031
248361
248676
248980
249284
249596
249917
250237
250576
250903
251208
251510
251814
252129
252451
252778
253102
253406
253706
254010
254325
254638
254953
255276
255573
255867
256164
256479
256799
257118
257441
257751
258049
258361
258672
258997
259314
259623
259934
260231
260526
260837
261160
261478
261786
262097
262389
262682
262987
263305
263626
263930
264233
264538
264839
265148
265473
265806
266121
266420
266735
267036
267336
267651
267970
268283
268578
268874
269173
269469
269780
270096
270412
270706
270993
271299
271606
271914
272227
272542
272846
273139
273442
273758
274072
274397
274718
275033
275333
275632
275963
276293
276599
276905
277207
277491
277773
278080
278398
278718
279034
279344
279659
279969
280300
280639
280967
281294
281609
281927
282243
282570
282911
283233
283552
283865
284183
284497
284825
285164
285488
285794
286103
286423
286741
287065
287405
287721
288028
288334
288653
288979
289306
289646
289963
290264
290571
290879
291200
291522
291846
292165
292462
292764
293079
293409
293732
294051
294370
294669
294960
295264
295590
295909
296218
296534
296837
297134
297442
297759
298088
298409
298717
299028
299327
299644
299972
300303
300619
300926
301237
301539
301844
302166
302499
302815
303118
303435
303742
304052
304375
304706
305027
305331
305645
305966
306288
306624
306956
307283
307581
307883
308198
308512
308833
309153
309471
309770
310077
310401
310726
311054
311382
311704
312022
312328
312662
312988
313317
313663
313994
314317
314631
314971
315306
315632
315957
316273
316578
316897
317239
317576
317904
318223
318550
318871
319187
319529
319855
320174
320482
320798
321116
321439
321781
322112
322421
322731
323040
323355
323682
324022
324353
324659
324959
325263
325567
325862
326161
326467
326759
327044
327339
327651
327979
328299
328636
328959
329269
329582
329904
330242
330567
330885
331193
331478
331773
332079
332399
332718
333034
333354
333659
333962
334280
334613
334932
335233
335544
335844
336147
336465
336789
337121
337435
337745
338058
338369
338702
339034
339369
339699
340018
340350
340679
341015
341352
341691
342004
342325
342647
342974
343309
343640
343968
344279
344589
344904
345220
345548
345867
346182
346483
346779
347094
347419
347743
348077
348413
348734
349053
349393
349727
350060
350383
350699
351005
351307
351639
351961
352274
352586
352892
353194
353495
353815
354145
354466
354779
355082
355387
355692
356007
356338
356660
356970
357271
357585
357891
358207
358546
358865
359176
359478
359787
360100
360417
360754
361081
361396
361707
362016
362346
362673
363003
363335
363649
363959
364279
364610
364938
365274
365602
365907
366217
366536
366863
367181
367499
367813
368101
368395
368702
369023
369338
369649
369966
370268
370558
370863
371193
371521
371845
372165
372476
372775
373085
373406
373733
374040
374347
374655
374950
375255
375578
375903
376218
376521
376838
377143
377448
377773
378107
378425
378730
379044
379359
379675
380001
380331
380654
380955
381261
381568
381874
382195
382513
382830
383130
383422
383741
384060
384382
384708
385035
385346
385648
385968
386292
386609
386922
387233
387536
387833
388144
388470
388788
389113
389428
389740
390038
390343
390678
390995
391303
391604
391899
392194
392478
392769
393057
393326
393584
393833
395321
395569
395805
396039
396275
396520
396763
397015
397288
397571
397847
398113
398387
398673
398970
399276
399590
399913
400220
400523
400831
401159
401489
401829
402166
402482
402805
403134
403477
403811
404151
404484
404794
405102
405406
405726
406046
406359
406687
406995
407305
407629
407956
408288
408616
408938
409231
409522
409832
410175
410498
410818
411142
411455
411757
412070
412404
412733
413024
413303
413577
413837
414094
414362
414632
414904
415168
415422
415689
415953
416217
416501
416791
417093
417394
417691
417998
418277
418639
418977
419306
419629
419933
420251
420575
420896
421235
421565
421883
422194
422514
422845
423173
423515
423844
424162
424468
424781
425102
425421
425742
426055
426369
426679
426999
427346
427680
428022
428346
428667
428984
429318
429673
430002
430335
430655
430975
431288
431619
431960
432286
432587
432869
433141
433407
433673
433959
434247
434531
434810
435082
435360
435638
435913
436198
436486
436753
437005
437258
437514
437777
438040
438306
438591
438868
439135
439406
439685
439978
440274
440573
440895
441204
441508
441813
442137
442480
442813
443154
443480
443788
444101
444433
444775
445107
445451
445778
446087
446408
446745
447078
447407
447737
448048
448356
448673
449007
449336
449653
449971
450278
450579
450896
451214
451537
451847
452145
452453
452748
453038
453349
453674
453985
454279
454585
454892
455199
455518
455845
456175
456483
456800
457118
457445
457789
458120
458453
458771
459092
459420
459755
460099
460439
460764
461079
461404
461739
462064
462389
462713
463034
463343
463670
464005
464342
464673
464990
465298
465597
465915
466238
466555
466875
467182
467481
467769
468059
468377
468697
468999
469300
469608
469912
470222
470563
470902
471223
471536
471846
472155
472464
472793
473114
473414
473717
474015
474318
474616
474922
475249
475562
475857
476162
476488
476790
477081
477380
477664
477933
478195
478452
478720
478990
479259
479538
479827
480100
480368
480653
480950
481261
481579
481910
482238
482545
482863
483188
483518
483850
484185
484511
484821
485130
485442
485776
486096
486424
486749
487059
487384
487722
488072
488409
488743
489068
489379
489641
490043
490396
490729
491054
491377
491697
492020
492346
492679
492986
493287
493594
493896
494220
494543
494877
495196
495505
495819
496129
496458
496794
497124
497435
497742
498055
498363
498677
499002
499338
499647
499951
500277
500596
500916
501238
501569
501883
502188
502523
502865
503193
503526
503858
504176
504490
504821
505159
505489
505818
506140
506451
506767
507100
507431
507752
508070
508381
508681
508975
509295
509616
509932
510254
510566
510880
511195
511532
511873
512192
512506
512809
513114
513404
513697
514004
514310
514609
514910
515235
515564
515897
516263
516614
516935
517254
517588
517922
518254
518597
518920
519225
519536
519859
520185
520511
520852
521168
521471
521777
522101
522423
522731
523047
523343
523630
523923
524222
524548
524874
525200
525513
525808
526116
526438
526770
527101
527430
527752
528044
528346
528659
528996
529320
529646
529979
530295
530608
530939
531288
531621
531941
532272
532590
532913
533253
533602
533937
534255
534581
534893
535217
535548
535872
536178
536483
536803
537121
537456
537780
538103
538400
538681
538977
539265
539559
539873
540198
540518
540828
541145
541474
541806
542146
542483
542806
543116
543436
543758
544083
544414
544739
545051
545357
545672
546004
546333
546670
546990
547311
547623
547937
548271
548596
548919
549236
549555
549860
550174
550508
550838
551162
551471
551781
552085
552396
552731
553049
553360
553664
553967
554269
554578
554915
555240
555546
555850
556161
556478
556798
557142
557483
557815
558134
558462
558792
559118
559466
559799
560108
560405
560712
561035
561357
561684
562009
562315
562622
562929
563241
563560
563883
564203
564509
564820
565128
565456
565781
566116
566447
566753
567065
567387
567726
568053
568381
568708
569009
569308
569624
569952
570274
570589
570908
571216
571514
571817
572138
572459
572762
573066
573359
573655
573965
574287
574615
574929
575230
575537
575836
576152
576475
576801
577115
577421
577738
578054
578371
578711
579057
579376
579683
580009
580323
580631
580945
581266
581577
581870
582181
582498
582816
583142
583465
583781
584082
584391
584707
585031
585366
585698
586023
586336
586658
586986
587316
587647
587966
588282
588585
588899
589230
589549
589876
590198
590509
590810
591120
591457
591788
592116
592441
592764
593074
593397
593737
594071
594401
594719
595031
595335
595646
595979
596300
596613
596919
597224
597532
597848
598186
598510
598820
599131
599447
599760
600082
600427
600757
601083
601394
601719
602055
602390
602742
603072
603385
603700
604024
604347
604666
605002
605323
605621
605928
606248
606576
606909
607246
607563
607868
608177
608504
608834
609152
609484
609790
610085
610383
610681
611001
611312
611627
611955
612263
612572
612896
613238
613566
613887
614210
614521
614838
615166
615508
615832
616147
616462
616767
617084
617418
617764
618101
618422
618748
619062
619387
619724
620068
620391
620707
621030
621346
621679
622016
622356
622669
622977
623288
623589
623897
624199
624503
624798
625085
625387
625694
626014
626349
626683
626997
627304
627624
627955
628288
628624
628963
629283
629586
629909
630234
630561
630886
631204
631515
631816
632129
632450
632766
633086
633392
633688
633979
634280
634603
634934
635267
635596
635922
636240
636572
636925
637266
637606
637932
638263
638587
638925
639269
639598
639925
640239
640556
640871
641200
641532
641853
642161
642465
642779
643090
643414
643746
644060
644366
644670
644983
645288
645604
645949
646271
646577
646893
647217
647548
647881
648229
648559
648874
649197
649536
649877
