1
92
269
566
882
1203
1516
1817
2115
2412
2718
3030
3344
3658
3969
4265
4557
4857
5167
5488
5802
6107
6405
6709
7011
7316
7631
7943
8252
8548
8842
9140
9460
9778
10088
10396
10692
10992
11292
11601
11916
12238
12544
12836
13133
13429
13745
14066
14381
14685
14989
15286
15581
15887
16202
16520
16831
17126
17419
17725
18037
18352
18666
18974
19274
19574
19870
20171
20492
20811
21117
21414
21712
22012
22326
22642
22954
23265
23568
23864
24158
24464
24777
25099
25408
25707
26003
26311
26618
26928
27242
27550
27852
28149
28447
28748
29072
29389
29695
29997
30293
30594
30905
31217
31528
31846
32087
32399
32693
32997
33312
33634
33946
34246
34544
34847
35151
35459
35776
36088
36395
36689
36982
37287
37609
37927
38237
38542
38836
39134
39435
39745
40062
40383
40686
40979
41275
41575
41893
42212
42525
42828
43131
43427
43724
44034
44348
44666
44973
45270
45564
45875
46188
46499
46810
47115
47414
47712
48011
48318
48643
48957
49258
49557
49852
50156
50470
50785
51096
51410
51706
51999
52296
52603
52924
53245
53552
53845
54148
54449
54757
55069
55384
55693
55996
56289
56582
56895
57217
57533
57838
58139
58435
58738
59042
59353
59672
59985
60283
60575
60874
61179
61500
61817
62127
62426
62728
63027
63328
63642
63956
64270
64571
64866
65161
65475
65794
66105
66414
66713
67011
67312
67617
67925
68247
68559
68858
69151
69451
69760
70082
70395
70702
71005
71305
71603
71903
72219
72534
72850
73150
73444
73744
74056
74372
74682
74997
75296
75595
75890
76189
76504
76830
77143
77442
77738
78033
78341
78653
78966
79279
79590
79884
80176
80477
80788
81111
81427
81731
82025
82329
82631
82939
83254
83565
83872
84172
84467
84764
85086
85405
85713
86018
86312
86610
86915
87224
87536
87858
88162
88455
88750
89049
89366
89689
90001
90303
90605
90901
91199
91506
91822
92140
92451
92748
93039
93344
93929
94238
94547
94845
95144
95440
95741
96060
96384
96693
96989
97286
97583
97895
98209
98522
98831
99138
99433
99726
100030
100344
100666
100978
101279
101573
101879
102185
102496
102810
103119
103422
103723
104019
104319
104640
104960
105271
105568
105864
106164
106473
106785
107096
107412
107716
108011
108305
108611
108927
109249
109560
109859
110156
110459
110763
111072
111390
111700
112006
112302
112597
112900
113225
113543
113851
114154
114446
114748
115051
115362
115677
116000
116302
116593
116890
117192
117510
117828
118139
118441
118745
119041
119338
119648
119964
120280
120589
120886
121179
121488
121802
122113
122426
122730
123028
123330
123628
123935
124259
124574
124877
125172
125468
125771
126087
126402
126711
127022
127319
127613
127909
128219
128540
128861
129167
129461
129761
130063
130371
130684
130999
131308
131610
131904
132198
132510
132834
133151
133454
133753
134049
134353
134658
134969
135288
135602
135900
136192
136490
136798
137121
137435
137741
138039
138342
138641
138942
139258
139570
139882
140183
140480
140776
141093
141410
141720
142029
142326
142625
142929
143233
143543
143866
144177
144475
144768
145067
145377
145696
146010
146316
146620
146918
147215
147515
147832
148150
148465
148765
149059
149359
149670
149985
150297
150610
150908
151207
151505
151806
152121
152447
152762
153059
153355
153650
153959
154272
154586
154897
155207
155503
155795
156098
156410
156732
157046
157348
157642
157947
158249
158557
158872
159183
159490
159788
160084
160383
160707
161024
161333
161637
161930
162229
162537
162846
163158
163480
163784
164076
164371
164672
164989
165309
165621
165921
166225
166520
166816
167125
167442
167759
168069
168366
168659
168966
169279
169593
169905
170210
170509
170811
171108
171412
171735
172053
172359
172654
172950
173251
173568
173880
174190
174502
174802
175097
175392
175702
176021
176340
176646
176940
177239
177543
177852
178164
178480
178786
179088
179383
179680
179987
180313
180630
180935
181234
181527
181830
182095
182426
182739
183056
183354
183645
183942
184247
184568
184888
185199
185495
185795
186093
186396
186708
187025
187339
187645
187938
188232
188542
188863
189178
189487
189789
190084
190386
190688
190996
191316
191634
191936
192227
192527
192832
193152
193466
193774
194079
194380
194678
194976
195290
195605
195920
196223
196518
196816
197128
197442
197752
198066
198366
198665
198961
199262
199573
199899
200213
200515
200810
201104
201411
201724
202038
202350
202662
202958
203248
203548
203860
204182
204497
204802
205097
205401
205701
206007
206322
206634
206943
207241
207536
207834
208155
208474
208783
209089
209383
209684
209986
210294
210607
210930
211237
211531
211826
212124
212440
212761
213074
213625
213923
214219
214522
214838
215156
215469
215766
216058
216362
216674
216988
217300
217611
217909
218208
218505
218807
219124
219447
219758
220056
220352
220648
220959
221274
221840
222149
222443
222735
223035
223348
223669
223986
224291
224582
224884
225188
225499
225813
226126
226432
226732
227025
227323
227641
227963
228278
228579
228878
229174
229480
229790
230101
230417
230727
231025
231317
231619
231932
232255
232568
232870
233169
233471
233772
234078
234394
234707
235015
235312
235605
235907
236228
236546
236855
237162
237457
237755
238055
238363
238679
239003
239309
239604
239899
240197
240513
240831
241144
241449
241754
242050
242343
242650
242966
243285
243594
243892
244186
244494
244803
245113
245427
245734
246035
246333
246631
246935
247260
247577
247882
248182
248476
248779
249088
249403
249714
250031
250330
250622
250918
251223
251544
251866
252174
252469
252772
253071
253374
253686
254002
254315
254618
254912
255204
255516
255835
256151
256460
256761
257057
257359
257662
257972
258291
258607
258908
259201
259500
259804
260124
260441
260750
261051
261353
261651
261948
262261
262576
262892
263195
263491
263786
264099
264413
264724
265038
265339
265637
265936
266239
266549
266871
267186
267488
267783
268079
268387
268706
269020
269328
269636
269934
270230
270527
270840
271161
271480
271783
272283
272590
272900
273211
273526
273832
274133
274428
274724
275033
275360
275676
275980
276279
276573
276875
277183
277498
277812
278128
278427
278718
279016
279321
279644
279961
280270
280568
280871
281169
281469
281783
282098
282411
282740
282943
283236
283549
283864
284176
284488
284790
285087
285388
285690
285998
286320
286634
286936
287230
287527
287834
288199
288423
288731
289040
289340
289636
289932
290244
290561
290881
291184
291478
291778
292085
292398
292710
293024
293328
293628
293922
294218
294529
294854
295170
295472
295770
296065
296368
296592
296906
297216
297532
297831
298125
298422
298726
299046
299370
299680
299975
300276
300577
300881
301190
301508
301820
302123
302417
302711
303019
303341
303659
303967
304270
304567
304779
305083
305394
305707
306029
306332
306626
306922
307223
307542
307864
308177
308477
308779
309076
309374
309682
309999
310317
310628
310923
311215
311524
311839
312154
312465
312770
313069
313368
313666
313970
314294
314611
314916
315212
315509
315811
316128
316442
316751
317062
317357
317567
317861
318166
318481
318802
319114
319413
319710
320016
320322
320631
320945
321254
321558
321853
322149
322453
322776
323093
323400
323703
323996
324298
324603
324915
325228
325549
325849
326141
326468
326654
326971
327295
327608
327909
328210
328508
328808
329114
329430
329747
330058
330352
330643
330950
331267
331617
331835
332144
332441
332739
333036
333340
333658
333981
334288
334583
334881
335186
335396
335717
336034
336342
336649
336944
337238
337540
337853
338173
338492
338793
339085
339387
339695
340008
340319
340633
340936
341234
341529
341827
342144
342465
342779
343079
343379
343675
343982
344294
344606
344920
345230
345527
345819
346121
346431
346754
347069
347373
347669
347974
348277
348582
348899
349210
349519
349816
350137
350344
350663
350983
351294
351600
351899
352197
352500
352805
353117
353440
353748
354042
354337
354636
354948
355272
355587
355891
356195
356514
356716
357017
357331
357648
357965
358263
358555
358857
359167
359484
359794
360107
360407
360706
361001
361301
361617
361940
362252
362545
362751
363046
363607
363923
364233
364547
364845
365137
365435
365741
366062
366384
366691
366985
367288
367590
367906
368120
368436
368748
369053
369345
369638
369945
370268
370586
370894
371198
371493
371793
372095
372404
372721
373041
373343
373634
373931
374231
374551
374869
375183
375485
375788
376084
376381
376692
377006
377324
377632
377932
378142
378446
378762
379079
379390
379697
379996
380295
380592
380896
381217
381536
381842
382137
382437
382735
383051
383367
383690
383904
384211
384506
384800
385104
385417
385739
386053
386353
386646
386952
387261
387571
387885
388196
388499
388798
389094
389394
389718
390042
390264
390566
390864
391162
391468
391778
392088
392406
392714
393010
393303
393604
393917
394239
394552
394855
395156
395457
395758
396065
396381
396694
397005
397300
397592
397894
398212
398531
398852
399068
399366
399664
399963
400268
400581
400907
401214
401507
401804
402101
402413
402731
403046
403354
403662
403958
404251
404556
404868
405219
405431
405731
406022
406326
406633
406946
407258
407570
407876
408176
408470
408766
409081
409293
409609
409911
410210
410506
410810
411118
411432
411746
412074
412273
412563
412860
413164
413481
413804
414115
414413
414716
415015
415319
415630
415945
416262
416472
416768
417062
417362
417683
418001
418309
418614
418911
419222
419431
419738
420048
420371
420680
420975
421270
421568
421879
422221
422435
422744
423048
423349
423647
423947
424262
424576
424894
425194
425487
425785
426006
426321
426634
426948
427252
427553
427850
428148
428456
428782
429096
429397
429694
429991
430294
430610
430925
431236
431786
432080
432375
432682
433000
433322
433628
433923
434227
434453
434782
435094
435409
435721
436026
436319
436612
436919
437240
437556
437863
438166
438463
438765
439068
439378
439696
440013
440313
440605
440904
441207
441525
441841
442151
442457
442758
443056
443356
443670
443984
444303
444604
444895
445193
445502
445819
446131
446446
446749
447049
447343
447641
447955
448279
448593
448892
449188
449483
449789
450103
450418
450731
451045
451341
451631
451931
452240
452560
452877
453181
453477
453782
454083
454392
454708
455282
455586
455879
456173
456487
456806
457120
457422
457723
458023
458327
458634
458946
459265
459576
459873
460164
460466
460772
461094
461408
461713
462016
462319
462618
462922
463240
463554
463866
464163
464456
464756
465070
465388
465700
466012
466311
466611
466909
467212
467528
467852
468162
468456
468752
469050
469358
469675
469990
470302
470610
470905
471198
471502
471814
472135
472447
472746
473041
473347
473654
473966
474282
474593
474899
475194
475489
475792
476115
476432
476738
477038
477332
477634
477940
478254
478570
478890
479190
479479
479776
480078
480396
480713
481023
481325
481630
481928
482228
482543
482856
483173
483477
483770
484064
484376
484690
485001
485314
485617
485918
486216
486517
486828
487153
487466
487764
488059
488354
488658
488972
489289
489600
489913
490210
490502
490802
491112
491431
491750
492054
492346
492648
492950
493261
493576
493890
494200
494505
494798
495093
495407
495727
496041
496342
496640
496938
497242
497551
497856
498079
498398
498696
498985
499284
499588
499907
500226
500534
500832
501137
501436
501739
502055
502369
502685
502988
503303
503502
503811
504128
504444
504753
505057
505356
505660
505960
506332
506551
506869
507174
507465
507762
508063
508378
508693
509003
509302
509522
509818
510113
510420
510733
511083
511295
511595
511903
512118
512422
512734
513045
513262
513570
513875
514143
514370
514707
514926
515242
515552
515852
516147
516446
516753
517065
517378
517698
518005
518298
518592
518893
519207
519528
519840
520140
520442
520740
521039
521350
521668
521985
522296
522592
522880
523186
523500
523815
524124
524429
524729
525032
525330
525637
525961
526279
526583
526876
527171
527473
527787
528101
528411
528722
529024
529322
529618
529929
530246
530566
530871
531165
531462
531765
532074
532389
532705
533011
533315
533613
533909
534219
534543
534857
535159
535456
535749
536052
536359
536676
536992
537310
537609
537901
538200
538505
538825
539142
539450
539745
540049
540349
540651
540956
541176
541492
541801
542095
542385
542692
543283
543592
543898
544194
544495
544794
545104
545426
545747
546054
546346
546641
546941
547256
547570
547881
548189
548492
548789
549086
549399
549717
550035
550340
550633
550929
551235
551546
551858
552173
552478
552782
553079
553375
553688
554012
554306
554517
554815
555108
555409
555716
556029
556343
556664
556966
557256
557554
557858
558178
558535
558743
559042
559343
559640
559939
560251
560830
561143
561439
561730
562033
562348
562664
562973
563280
563578
563880
564177
564481
564805
565126
565433
565728
566024
566323
566635
566949
567251
567470
567779
568074
568368
568673
568987
569210
569530
569834
570126
570425
570718
570934
571246
571562
571868
572171
572479
572685
572986
573310
573628
573934
574233
574526
574825
575134
575448
575759
576078
576380
576675
576971
577277
577594
577916
578226
578523
578821
579121
579424
579735
580054
580369
580678
580973
581265
581573
581892
582208
582515
582820
583116
583418
583718
584026
584348
584668
584972
585264
585561
585865
586182
586494
586802
587110
587410
587707
588005
588320
588639
588957
589260
589554
589853
590159
590471
590782
591096
591401
591703
591998
592295
592611
592934
593247
593549
593847
594142
594446
594754
595065
595383
595693
595990
596283
596585
596896
597221
597533
597835
598135
598433
598732
599037
599355
599671
599983
600280
600573
600876
601192
601511
601819
602127
602424
602724
603020
603322
603643
603965
604273
604568
604866
605165
605477
605792
606103
606413
606717
607012
607307
607614
607929
608250
608560
608859
609156
609461
609769
610079
610393
610700
611003
611301
611598
611902
612229
612546
612850
613150
613444
613745
614052
614366
614678
614997
615296
615588
615887
616192
616512
616834
617145
617441
617743
618041
618343
618655
618914
619175
619484
619779
620071
620375
620695
621015
621324
621631
621926
622225
622523
622830
623085
623364
623673
623966
624263
624560
624871
625190
625449
625707
626015
626311
626606
626907
627220
627540
627819
628052
628350
628648
628954
629264
629577
629890
630196
630498
630793
631088
631397
631723
632040
632343
632669
632869
633171
633477
633790
634103
634423
634721
635012
635310
635613
635934
636250
636473
636772
637076
637372
637671
637981
638295
638612
638922
639217
639508
639815
640131
640446
640756
641061
641362
641662
641959
642264
642588
642904
643207
643502
643799
644102
644418
644734
645043
645356
645654
645947
646442
646755
647076
647387
647687
647892
648197
648500
648811
649126
649438
649745
