1
176
524
878
1237
1573
1902
2239
2604
2975
3325
3679
4002
4104
4686
5059
5431
5796
6180
6560
6972
7367
7771
8136
8881
9282
9667
10029
10102
10256
10392
10778
10876
11542
11906
12251
12592
12936
13319
13715
14157
14543
14931
15311
15702
16097
16479
16876
17238
17615
18022
18399
18666
19503
20283
20569
21033
21394
21764
22514
22882
23271
23697
24539
24933
25700
26073
26468
26878
27261
27627
28802
29186
29534
29878
30236
30634
31508
31939
32350
32791
33211
33601
33975
34346
34713
35845
36193
36559
37873
38276
38676
39073
39475
39871
40622
40994
41789
42550
43700
44095
44478
44865
45228
45607
45882
46283
46752
48022
48178
50257
50634
51343
51703
52087
52865
53505
53871
55019
56946
57324
57708
58075
58462
58862
59278
59653
60005
60374
60792
61181
61585
61954
62325
62702
63093
63494
63875
64251
64618
64997
65396
65795
66163
66544
66915
67299
67687
68077
68454
68802
69176
69531
69909
70280
70730
71162
71630
72061
72462
72843
73223
73592
74007
74396
74768
75133
75511
75895
76310
76706
77065
77438
77809
78200
78595
78980
79340
79711
80096
80480
80863
81217
81560
81904
82283
82679
83136
83549
83824
84338
84786
85206
85582
85968
86316
87076
87464
87835
88214
88596
88985
90287
91003
93243
93621
94007
94366
94711
95053
95428
95850
96329
96755
97147
97550
97966
98356
98709
99070
99446
99826
100217
100585
100948
101309
101670
102040
102405
102777
103222
103624
104045
104462
104846
105231
105605
105986
106384
106799
107180
107333
107595
107950
108343
108740
109146
109536
109892
110305
110715
111104
111503
111866
112250
112657
113051
113439
113824
114203
114575
114990
115382
115773
116143
116528
116897
117315
117715
118098
118481
118875
119264
119681
120061
120431
120817
121216
121620
122012
122391
122747
123112
123493
123891
124267
124643
124998
125382
125769
126173
126546
126928
127308
127687
128087
128501
128854
129239
129630
130020
130424
130811
131191
131559
131953
132341
132737
133102
133459
133799
134164
134544
134929
135410
135850
136260
136660
137078
137450
137831
138218
138602
139016
139402
139776
140151
140541
140943
141332
141720
142096
142473
142886
143290
143695
144083
144467
144849
145270
145672
146062
146462
146843
147255
147665
148073
148453
148845
149239
149643
150060
150447
150828
151222
151615
152022
152408
152790
153146
153540
153923
154308
154675
155046
155418
155799
156200
156586
156948
157321
157703
158081
158475
158844
159202
159559
159960
160437
160895
161293
161687
162065
162529
162925
163666
165191
165960
166331
167505
168147
168525
168905
169306
169690
170049
170426
170803
171189
171583
171958
172328
172684
173072
173453
173828
174188
174539
174878
175256
175682
176133
176532
176914
177289
177685
178077
178440
178789
179156
179501
179845
180122
180704
181029
181401
181793
182160
182557
182923
183276
183650
184040
184421
184797
185166
185511
185875
186359
186810
187215
187604
187980
188369
188777
189150
189505
189878
190238
190622
191006
191364
191700
192062
192431
192883
193345
193557
194135
194555
194948
195320
195699
196076
196435
196790
197182
197552
197909
198373
198829
199243
199663
200047
200418
200796
201188
201576
201973
202344
202706
203075
203470
203837
204215
204611
205067
205497
205815
206308
206706
207067
207435
207811
208206
208576
208930
209295
209651
210017
210461
210890
211268
211642
212016
212405
212811
213192
213549
213944
214333
214712
215096
215471
215839
216216
216621
216997
217357
217730
218075
218442
218908
219387
219809
220209
220599
220991
221209
221740
222089
222448
222806
223217
223665
224053
224438
224823
225228
225613
226002
226372
226744
227129
227533
227902
228276
228637
229007
229382
229757
230136
230484
230951
231372
231785
232183
232588
232966
233374
233750
234139
234518
234869
235232
235594
236002
236381
236752
237125
237489
237839
238305
238804
239207
239642
240026
240447
240859
241222
241589
241987
242387
242789
243165
243518
243883
244255
244657
245038
245430
245785
246153
246543
246949
247343
247734
248117
248504
248910
249314
249690
250055
250436
250823
251221
251606
251975
252323
252680
253032
253422
253876
254262
254626
255025
255414
255796
256157
256509
256844
257188
257617
257958
258304
258633
259093
259491
259916
260295
260666
261020
261388
261747
262115
262475
262960
263194
263671
264187
264557
264950
265317
265682
266082
266475
266850
267214
267560
267932
268511
268700
268978
269370
269784
270179
270575
270989
271375
271751
272132
272521
272908
273279
273635
273992
274453
274896
275304
275690
276055
276409
276897
277182
277567
277908
278293
278660
279049
279434
279795
280147
280502
280946
281420
281868
282254
282636
283032
283440
283832
284225
284595
284957
285352
285743
286130
286499
286864
287231
287615
287997
288352
288742
289162
289564
289943
290324
290680
291026
291382
291732
292108
292487
292848
293200
293548
293919
294381
294760
295822
296211
296605
296984
297350
298069
298833
299252
299681
300079
300469
300870
301271
301546
301898
302307
302718
303117
303512
303888
304252
304631
305015
305375
305754
306125
306680
306965
307383
307782
308184
308553
308932
309324
309716
310082
310448
310808
311167
311538
311989
312834
313237
313630
314034
314424
314798
315180
315585
315977
316365
316755
317119
317510
317910
318304
318685
319075
319447
319843
320259
320643
321026
321392
321771
322156
322559
322936
323307
323677
324059
324451
324853
325237
325601
325985
326371
326581
327524
327881
328249
329016
329737
330099
330471
331445
333021
333423
333814
334654
336434
336782
337159
337631
338072
338490
338894
339291
339708
340102
340483
340852
341236
341612
342017
342385
342758
343115
343491
343873
344253
344645
345182
345625
346055
346450
346854
347220
347588
347979
348369
348754
349133
349494
349857
350242
350639
351012
351401
351768
352142
352533
352924
353297
353661
354043
354428
354824
355232
355606
355980
356366
356760
357155
357528
357903
358291
358687
359089
359504
359878
360264
360662
361052
361454
361856
362237
362631
363001
363408
363809
364185
364558
364932
365314
365700
366094
366454
366812
367174
367548
367912
368284
368649
369007
369467
369908
370291
370663
371039
372205
372642
375283
376446
378233
378934
379933
380181
381964
382292
383344
383588
384017
384262
384606
384944
385394
385625
385950
386270
386616
386942
387292
387634
387942
388246
388570
388895
389210
389871
390183
390505
390833
391180
391542
391880
392215
392545
392932
393114
393511
393840
394146
394438
394755
395053
395358
395675
395988
396316
396620
396919
397236
397560
397902
398244
398593
398920
399230
399571
399913
400235
400586
400937
401256
401606
401969
402338
402679
403025
403354
403703
404047
404416
404783
405111
405437
405775
406108
406559
406930
407292
407633
408121
408533
408907
409282
409617
409943
410285
410679
411045
411489
411831
412191
412546
412941
413516
413939
414358
414744
415134
415520
415870
416229
416668
417012
417399
417848
418557
419337
419740
420504
420844
421240
421654
422146
422509
422907
423299
423716
424101
424490
424850
425230
425616
426008
426452
427052
427418
427824
428243
428646
429025
429468
429770
430178
430551
430952
431496
431962
432406
432801
433179
433566
433922
434298
434684
435078
435659
436058
436471
436876
437281
437652
439146
439572
440065
441341
441731
442115
442475
442831
443222
443594
444309
445451
445835
446207
446561
446818
447280
448145
448486
449468
449840
450303
450655
450982
451698
451949
452308
452649
452980
453316
453656
454011
454364
454697
455027
455369
455705
456039
456411
456743
457345
457731
458086
458443
458790
459121
459455
459789
460139
460498
460844
461218
461545
461883
462242
462591
462927
463278
463613
463933
464262
464611
464965
465299
465639
465981
466295
466641
467002
467654
467976
468290
468620
468943
469973
470312
470646
470985
471316
471657
471987
472295
472604
472919
473246
473566
473880
474206
474623
475162
475500
475838
476166
476485
476804
477115
477436
478133
478467
478781
479126
479448
479782
480144
480491
480837
481154
481507
481841
482179
482537
482874
483189
483511
483853
484283
484524
484860
485183
485507
485830
486269
486857
487280
487515
487852
488183
489213
489564
489914
490266
490594
490878
491650
491971
492291
492610
492946
493282
493599
493904
494200
494855
495187
495522
495858
496173
496479
496800
497137
497479
497816
498140
498447
498781
499106
499440
499787
500109
500417
500740
501052
501393
501734
502083
502420
502730
503078
503431
503768
504128
504478
504800
505124
505494
505837
506175
506533
506865
507288
507648
507920
508268
508711
508952
509294
509619
509888
510320
510683
510991
511327
511666
511989
512354
512717
513044
513397
513717
514095
514465
514824
515189
515526
515875
516204
516591
516963
517312
517654
518027
518356
518735
519086
519429
519762
520127
520447
520789
521186
521518
521880
522234
522565
522967
523359
523717
524102
524463
524802
525172
525520
525901
526234
526421
526943
527315
527655
528028
528250
528759
528962
529372
529765
530103
530470
530826
531147
531520
531899
532245
532613
533060
533327
533699
534073
534429
534810
535168
535501
535881
536235
536589
536966
537283
537651
538021
538370
538754
539118
539447
539792
540136
540499
540878
541225
541561
541919
542279
542629
542989
543370
543701
544091
544454
544835
545215
545549
545917
546268
546672
547018
547412
547751
548117
548451
548873
549276
549657
550030
550404
550739
551154
551542
551890
552293
552622
553657
553991
554334
554699
555078
555451
555850
556214
556562
557000
557455
557887
558288
558669
559056
559399
559834
560239
560629
560996
561361
561727
562160
562558
562951
563318
563694
564073
564455
564846
565214
565574
565940
566309
566663
567022
567373
567741
568097
568530
568966
569326
569712
570082
570435
570822
571178
571510
571908
572238
572646
573025
573353
573717
574057
574390
575171
575515
576266
576609
577022
577381
577785
578107
578474
578839
579182
579582
579920
580275
580621
580878
581300
581648
581967
582407
582663
582984
583323
583727
584067
584392
584771
585095
585434
585840
586217
586542
586924
587287
587614
588017
588371
588738
589048
589420
589750
590130
590479
590825
591175
591495
591834
592223
592565
592941
593271
593621
593981
594327
594716
595049
596433
597820
598101
598330
601538
604741
607874
608199
609146
611412
612365
612665
612901
613259
613588
616619
618866
619146
619241
621187
621457
621575
624407
626173
626469
627074
627708
627990
628133
630096
630388
630692
633430
635555
635868
636474
636772
637401
638036
638644
638957
639258
639913
642180
643165
644159
644497
644808
646660
647932
648604
649550
