1
125
383
646
893
1150
1394
1649
1892
2148
2393
2631
2881
3129
3379
3624
3872
4120
4370
4625
4872
5121
5362
5618
5866
6110
6362
6611
6863
7118
7379
7634
7888
8151
8406
8659
8909
9169
9425
9679
9941
10196
10447
10703
10964
11221
11466
11733
11979
12233
12491
12746
13000
13250
13513
13764
14014
14259
14507
14758
15001
15262
15510
15760
16015
16270
16529
16780
17035
17283
17536
17791
18050
18296
18547
18802
19051
19306
19553
19808
20058
20315
20576
20834
21089
21346
21603
21859
22110
22368
22612
22866
23117
23374
23622
23869
24126
24372
24628
24873
25125
25374
25627
25880
26126
26372
26619
26869
27116
27363
27611
27859
28108
28355
28610
28859
29110
29361
29611
29867
30111
30362
30609
30858
31106
31356
31600
31849
32097
32346
32595
32839
33084
33335
33582
33832
34081
34324
34567
34818
35061
35304
35548
35790
36036
36284
36536
36785
37032
37282
37535
37786
38032
38285
38539
38787
39043
39296
39548
39794
40052
40303
40553
40805
41059
41311
41557
41818
42065
42315
42571
42823
43076
43319
43574
43818
44070
44318
44565
44814
45059
45318
45569
45818
46067
46322
46571
46824
47086
47339
47591
47850
48110
48364
48611
48872
49123
49378
49640
49897
50147
50400
50666
50921
51179
51438
51695
51950
52207
52469
52723
52979
53238
53495
53748
53991
54244
54489
54738
54994
55244
55492
55743
55996
56245
56498
56748
57001
57253
57504
57763
58011
58264
58518
58769
59024
59273
59529
59780
60032
60285
60538
60787
61035
61291
61539
61790
62036
62287
62540
62792
63049
63298
63552
63808
64071
64330
64584
64843
65101
65355
65613
65871
66127
66381
66646
66903
67161
67422
67680
67943
68202
68466
68724
68982
69249
69512
69772
70028
70285
70539
70796
71055
71310
71556
71819
72070
72327
72577
72836
73091
73343
73605
73854
74106
74355
74610
74859
75099
75353
75601
75850
76103
76360
76617
76870
77136
77393
77648
77899
78155
78411
78663
78926
79175
79422
79683
79936
80189
80436
80695
80948
81207
81468
81728
81977
82234
82494
82750
83000
83258
83510
83765
84020
84283
84533
84789
85056
85318
85581
85838
86100
86353
86616
86884
87147
87405
87672
87932
88192
88446
88706
88963
89218
89483
89736
89994
90248
90510
90762
91015
91267
91517
91766
92017
92266
92512
92759
93012
93258
93510
93752
94001
94242
94490
94733
94979
95222
95463
95713
95955
96204
96442
96689
96933
97180
97423
97671
97911
98156
98405
98650
98898
99142
99388
99643
99896
100151
100399
100651
100900
101155
101412
101661
101918
102167
102425
102674
102935
103186
103435
103693
103945
104197
104438
104688
104931
105177
105428
105672
105918
106160
106410
106657
106899
107143
107388
107633
107873
108127
108369
108610
108857
109109
109353
109592
109843
110086
110330
110577
110831
111079
111323
111586
111836
112092
112339
112597
112850
113107
113366
113621
113873
114131
114390
114649
114897
115156
115406
115660
115922
116176
116429
116681
116945
117201
117454
117709
117963
118217
118480
118746
119000
119259
119526
119789
120042
120305
120555
120812
121068
121331
121585
121840
122097
122352
122604
122845
123103
123347
123597
123848
124102
124350
124603
124860
125110
125363
125609
125855
126105
126351
126606
126846
127094
127341
127595
127845
128094
128350
128592
128848
129096
129354
129600
129849
130103
130354
130607
130853
131106
131356
131607
131863
132115
132371
132620
132877
133128
133377
133629
133871
134123
134369
134621
134868
135113
135364
135614
135864
136110
136358
136608
136857
137110
137362
137615
137864
138117
138367
138618
138862
139113
139361
139608
139856
140107
140353
140599
140855
141103
141350
141604
141851
142098
142347
142602
142848
143088
143339
143587
143839
144080
144335
144586
144836
145093
145347
145602
145854
146121
146379
146635
146894
147153
147406
147666
147921
148175
148424
148688
148942
149199
149451
149710
149964
150224
150490
150749
151004
151270
151530
151790
152041
152300
152555
152813
153079
153335
153592
153852
154110
154367
154616
154878
155133
155387
155648
155904
156161
156415
156678
156927
157176
157428
157679
157922
158176
158425
158674
158920
159178
159427
159678
159917
160175
160420
160667
160921
161172
161422
161672
161930
162183
162437
162688
162941
163196
163454
163712
163965
164219
164480
164739
164996
165245
165503
165750
166005
166262
166515
166770
167020
167282
167532
167788
168037
168288
168540
168795
169053
169305
169558
169812
170068
170326
170579
170836
171092
171348
171608
171863
172124
172382
172650
172911
173166
173427
173682
173943
174197
174457
174710
174964
175223
175481
175735
175986
176244
176500
176756
177018
177273
177528
177790
178049
178306
178557
178812
179068
179322
179580
179835
180089
180348
180610
180869
181122
181380
181636
181893
182157
182417
182676
182931
183197
183458
183714
183979
184237
184498
184766
185035
185301
185567
185838
186108
186363
186634
186897
187157
187424
187683
187942
188200
188467
188730
188986
189254
189515
189773
190038
190300
190562
190822
191091
191349
191602
191864
192118
192377
192638
192896
193147
193406
193664
193920
194172
194418
194673
194920
195166
195417
195664
195901
196150
196402
196652
196891
197147
197388
197638
197891
198146
198393
198640
198897
199147
199399
199643
199890
200139
200388
200639
200893
201141
201394
201654
201907
202161
202414
202665
202915
203165
203418
203666
203912
204160
204412
204659
204907
205160
205407
205658
205910
206163
206410
206660
206909
207157
207408
207646
207897
208144
208388
208640
208886
209135
209383
209637
209887
210139
210387
210636
210884
211137
211386
211631
211875
212121
212370
212616
212855
213101
213343
213588
213835
214083
214329
214575
214823
215075
215327
215569
215821
216065
216313
216564
216814
217063
217308
217563
217812
218061
218309
218553
218804
219055
219313
219566
219816
220076
220330
220586
220827
221084
221330
221581
221833
222087
222339
222590
222851
223105
223356
223610
223864
224116
224371
224626
224880
225128
225391
225641
225894
226140
226393
226643
226890
227149
227399
227646
227900
228158
228416
228662
228922
229173
229428
229687
229944
230193
230443
230705
230959
231212
231462
231717
231965
232220
232476
232725
232971
233225
233479
233730
233976
234230
234478
234722
234972
235225
235468
235716
235973
236219
236473
236718
236974
237219
237473
237724
237972
238221
238469
238726
238972
239218
239470
239718
239966
240217
240473
240720
240971
241228
241481
241736
241980
242236
242481
242729
242980
243225
243469
243713
243966
244213
244464
244709
244960
245213
245469
245726
245977
246227
246479
246732
246986
247233
247483
247730
247978
248228
248481
248727
248978
249234
249492
249748
250003
250259
250519
250773
251030
251281
251536
251788
252045
252305
252562
252832
253099
253373
253600
253947
254239
254540
254825
255094
255364
255628
255887
256147
256401
256661
256907
257171
257422
257678
257924
258179
258430
258681
258938
259185
259433
259682
259932
260183
260422
260672
260919
261166
261418
261669
261919
262163
262422
262674
262925
263171
263423
263671
263920
264174
264426
264668
264913
265165
265408
265646
265894
266134
266378
266625
266879
267124
267368
267624
267873
268120
268363
268618
268870
269120
269375
269634
269882
270134
270394
270646
270893
271147
271393
271643
271890
272141
272385
272630
272880
273132
273377
273617
273870
274109
274355
274604
274854
275098
275345
275598
275848
276095
276336
276585
276827
277071
277320
277566
277808
278050
278303
278495
278789
279031
279283
279527
279782
280036
280290
280545
280800
281062
281318
281570
281826
282074
282325
282579
282827
283078
283327
283587
283837
284094
284342
284597
284849
285101
285358
285602
285852
286101
286350
286598
286843
287090
287336
287584
287833
288082
288328
288575
288826
289074
289323
289560
289808
290048
290291
290534
290779
291017
291254
291499
291740
291982
292218
292461
292704
292947
293197
293442
293687
293928
294181
294426
294672
294912
295154
295392
295630
295875
296113
296350
296586
296829
297072
297308
297543
297781
298023
298261
298504
298744
298984
299222
299468
299709
299948
300187
300431
300672
300912
301163
301403
301645
301886
302137
302377
302615
302858
303099
303339
303579
303821
304059
304298
304538
304782
305025
305263
305505
305751
305997
306238
306487
306732
306971
307216
307465
307710
307946
308195
308436
308678
308925
309173
309415
309656
309905
310152
310402
310640
310891
311135
311379
311627
311878
312121
312370
312622
312871
313118
313360
313610
313854
314101
314356
314602
314852
315096
315351
315597
315841
316090
316336
316581
316829
317082
317329
317580
317836
318092
318343
318595
318852
319107
319363
319624
319881
320138
320393
320657
320909
321164
321420
321674
321930
322184
322444
322694
322946
323207
323460
323720
323970
324227
324479
324736
324992
325243
325494
325749
326003
326261
326508
326765
327017
327276
327537
327797
328054
328311
328569
328830
329080
329334
329583
329837
330094
330351
330607
330860
331124
331377
331633
331884
332138
332391
332648
332904
333159
333414
333674
333927
334185
334436
334695
334951
335208
335466
335723
335976
336233
336489
336747
336995
337255
337508
337765
338022
338283
338532
338780
339039
339294
339542
339791
340043
340296
340551
340806
341060
341308
341562
341815
342071
342316
342570
342821
343072
343328
343582
343830
344082
344340
344594
344844
345101
345355
345610
345866
346127
346378
346629
346885
347140
347394
347641
347899
348150
348400
348656
348909
349157
349409
349665
349917
350165
350417
350668
350917
351170
351427
351676
351923
352183
352434
352691
352940
353204
353464
353727
353993
354255
354517
354784
355052
355315
355570
355836
356094
356352
356618
356879
357136
357398
357669
357931
358187
358451
358708
358969
359231
359486
359739
359993
360251
360497
360747
360998
361246
361495
361751
362011
362264
362519
362782
363037
363298
363548
363805
364054
364309
364565
364807
365055
365308
365559
365811
366055
366312
366560
366812
367066
367317
367568
367818
368078
368324
368579
368828
369080
369337
369597
369856
370113
370371
370639
370896
371158
371411
371664
371921
372175
372434
372688
372939
373193
373448
373709
373957
374219
374479
374741
375008
375269
375535
375799
376064
376331
376588
376850
377111
377372
377634
377892
378151
378408
378670
378927
379181
379436
379693
379947
380200
380456
380707
380957
381214
381463
381713
381960
382212
382462
382711
382967
383218
383469
383722
383981
384236
384484
384737
384991
385247
385502
385761
386015
386266
386531
386785
387041
387290
387548
387801
388054
388314
388566
388813
389070
389326
389582
389828
390085
390335
390585
390841
391099
391352
391602
391868
392124
392381
392641
392898
393154
393411
393673
393926
394178
394440
394694
394951
395198
395455
395705
395961
396221
396477
396726
396984
397242
397497
397745
398004
398253
398504
398758
399014
399264
399513
399779
400030
400285
400541
400797
401054
401318
401587
401844
402106
402378
402639
402903
403164
403420
403679
403941
404207
404465
404728
404998
405258
405521
405782
406043
406300
406568
406830
407089
407348
407614
407873
408133
408399
408654
408915
409180
409445
409709
409971
410243
410501
410763
411022
411277
411535
411797
412058
412315
412572
412835
413094
413352
413607
413864
414125
414389
414654
414912
415172
415437
415696
415955
416208
416463
416720
416978
417239
417496
417752
418012
418275
418540
418797
419061
419320
419583
419847
420106
420365
420622
420880
421139
421392
421653
421910
422170
422431
422697
422957
423213
423479
423738
423996
424254
424513
424771
425030
425296
425554
425814
426080
426342
426604
426863
427129
427389
427652
427918
428179
428440
428704
428965
429224
429483
429745
430006
430269
430538
430800
431058
431326
431590
431851
432111
432372
432632
432895
433160
433419
433673
433943
434205
434472
434734
435000
435266
435531
435803
436067
436326
436594
436858
437120
437382
437645
437903
438164
438432
438691
438946
439216
439475
439738
439997
440260
440519
440777
441045
441300
441559
441822
442085
442342
442598
442862
443121
443386
443654
443913
444173
444442
444705
444965
445222
445482
445740
446001
446264
446519
446773
447037
447294
447554
447809
448071
448329
448590
448860
449117
449374
449638
449901
450162
450418
450684
450942
451206
451476
451740
452003
452274
452543
452811
453073
453341
453601
453861
454126
454382
454640
454901
455161
455418
455672
455934
456190
456451
456717
456976
457236
457498
457763
458023
458276
458539
458795
459057
459317
459577
459834
460091
460359
460614
460872
461127
461385
461644
461906
462166
462423
462678
462943
463201
463460
463714
463971
464231
464490
464755
465012
465272
465534
465798
466065
466319
466584
466844
467107
467372
467633
467891
468150
468411
468672
468925
469187
469447
469706
469974
470238
470501
470768
471035
471302
471560
471828
472091
472354
472622
472891
473155
473426
473697
473964
474227
474499
474769
475038
475315
475582
475845
476120
476385
476649
476911
477173
477435
477699
477965
478228
478487
478760
479030
479292
479561
479824
480087
480353
480617
480877
481133
481402
481662
481919
482181
482439
482695
482957
483222
483484
483738
484006
484264
484520
484779
485038
485295
485556
485824
486080
486338
486609
486874
487136
487401
487668
487927
488193
488458
488714
488973
489239
489497
489748
490004
490259
490514
490769
491036
491291
491553
491818
492080
492340
492593
492856
493112
493374
493638
493898
494155
494421
494685
494952
495211
495478
495741
496009
496280
496542
496802
497066
497333
497592
497850
498110
498365
498623
498886
499146
499404
499667
499930
500194
500450
500717
500974
501233
501499
501762
502027
502289
502555
502818
503078
503344
503603
503864
504132
504394
504659
504922
505191
505458
505717
505987
506247
506515
506783
507046
507310
507576
507846
508111
508374
508640
508906
509174
509444
509712
509975
510243
510512
510782
511040
511307
511569
511833
512101
512362
512626
512891
513157
513424
513681
513945
514204
514466
514728
514988
515248
515509
515773
516034
516288
516548
516807
517066
517331
517592
517854
518120
518386
518651
518908
519171
519435
519693
519959
520219
520477
520741
521001
521265
521514
521776
522035
522296
522559
522820
523079
523338
523606
523869
524123
524386
524648
524910
525180
525447
525712
525977
526252
526523
526782
527056
527320
527587
527858
528124
528384
528651
528917
529181
529436
529702
529964
530222
530493
530756
531019
531288
531555
531825
532083
532354
532618
532880
533150
533415
533678
533948
534218
534483
534746
535018
535285
535552
535826
536088
536353
536621
536884
537148
537402
537668
537924
538188
538455
538712
538975
539243
539511
539779
540039
540307
540568
540835
541107
541368
541630
541904
542172
542444
542711
542979
543248
543525
543803
544067
544334
544609
544875
545144
545413
545673
545939
546204
546469
546733
546994
547269
547533
547797
548068
548328
548595
548865
549131
549396
549666
549934
550200
550462
550728
550993
551260
551532
551798
552065
552335
552604
552870
553125
553390
553647
553912
554175
554434
554692
554959
555223
555490
555750
556016
556278
556547
556815
557077
557344
557608
557875
558142
558399
558663
558922
559187
559453
559715
559976
560244
560508
560773
561033
561297
561558
561820
562086
562345
562605
562868
563129
563391
563647
563907
564169
564428
564692
564951
565208
565471
565729
565992
566242
566506
566762
567019
567278
567536
567793
568050
568313
568573
568826
569085
569345
569604
569867
570128
570389
570643
570911
571171
571428
571686
571942
572201
572455
572720
572973
573228
573490
573749
574009
574264
574524
574781
575040
575304
575566
575820
576086
576344
576607
576858
577123
577380
577636
577900
578155
578412
578670
578932
579189
579442
579702
579960
580214
580477
580734
580992
581250
581517
581776
582029
582296
582556
582819
583083
583347
583607
583871
584139
584397
584653
584912
585171
585424
585686
585941
586196
586454
586719
586980
587234
587501
587758
588020
588285
588548
588808
589070
589339
589601
589859
590126
590385
590645
590911
591175
591434
591697
591964
592220
592474
592736
592991
593245
593507
593763
594022
594280
594546
594807
595061
595327
595584
595848
596117
596381
596643
596903
597175
597431
597689
597951
598207
598469
598732
598997
599255
599517
599788
600049
600311
600573
600832
601092
601355
601617
601873
602130
602397
602656
602914
603175
603433
603693
603958
604222
604481
604740
605008
605266
605527
605784
606039
606297
606554
606816
607071
607329
607590
607849
608110
608366
608626
608885
609146
609407
609664
609921
610180
610435
610693
610939
611197
611451
611708
611969
612227
612488
612747
613012
613276
613530
613790
614048
614308
614569
614829
615087
615342
615609
615868
616128
616388
616645
616908
617167
617436
617694
617951
618217
618479
618739
618998
619259
619519
619784
620051
620315
620578
620851
621119
621386
621655
621920
622185
622452
622721
622985
623248
623521
623787
624043
624314
624577
624839
625106
625368
625633
625895
626164
626426
626677
626944
627199
627460
627718
627978
628232
628491
628752
629014
629266
629531
629790
630049
630317
630579
630841
631101
631369
631635
631889
632156
632415
632674
632939
633202
633460
633720
633987
634249
634505
634771
635031
635293
635559
635824
636083
636344
636613
636874
637131
637395
637657
637918
638184
638449
638707
638970
639238
639499
639752
640016
640276
640531
640794
641052
641308
641561
641830
642085
642340
642599
642857
643115
643375
643641
643898
644157
644426
644686
644944
645201
645458
645715
645975
646240
646496
646752
647019
647278
647541
647799
648061
648321
648583
648849
649106
649363
649627
649884
