1
406
732
1149
1558
1971
2748
3172
3574
3968
4432
4733
5146
5631
5943
6333
6795
7097
7512
7988
8379
8762
9067
9559
9980
10376
10703
11193
11521
12031
12446
12836
13162
13555
14041
14462
14773
15241
15545
15963
16445
16848
17156
17617
17935
18330
18809
19199
19485
19925
20250
20638
21107
21484
21776
22146
22630
23021
23411
23710
24167
24550
24877
25342
25654
26104
26384
26865
27254
27634
28018
28378
28750
29072
29540
29919
30296
30757
31354
31736
32129
32576
32860
33254
33734
34106
34489
34866
35154
35634
36031
36416
36805
37171
37496
37974
38293
38683
39150
39449
39857
40338
40655
41033
41495
41829
42234
42636
43103
43498
43895
44302
44714
45113
45495
45598
46207
46695
47091
47487
47871
48272
48669
49070
49461
49844
50216
50624
51021
51411
51807
52178
52580
52982
53389
53780
54170
54541
54955
55363
55746
56138
56516
56893
57307
57692
58075
58460
58820
59227
59629
60013
60396
60781
61159
61573
61974
62358
62753
63132
63535
63948
64343
64727
65128
65513
65927
66335
66714
67109
67487
67894
68309
68692
69077
69460
69590
70163
70641
71019
71392
71751
72154
72543
72938
73311
73694
74066
74480
74876
75284
75674
76048
76472
76880
77282
77682
78062
78452
78786
79261
79661
80035
80406
80502
81198
81576
81960
82250
82615
83087
83471
83842
84215
84577
84948
85349
85740
86117
86501
86867
87124
87683
88073
88474
88853
88944
89428
89992
90383
90784
90913
91547
91960
92356
92746
92953
93514
93928
94341
94732
94862
95499
95908
96309
96715
97095
97491
97863
98271
98676
99068
99448
99824
100226
100516
101031
101421
101805
102194
102607
103011
103412
103661
104143
104606
105008
105405
106082
106568
106993
107370
107495
108054
108492
108917
109303
109398
109964
110418
110772
111167
111556
111844
112290
112644
113004
113394
113765
114143
114516
114882
115265
115649
116039
116418
116789
117149
117539
117935
118319
118698
119087
119458
119866
120276
120652
121035
121402
121791
122085
122338
122902
123273
123626
123993
124395
124754
125120
125480
125841
126223
126614
126985
127356
127725
128102
128485
128882
129258
129617
130001
130374
130766
131004
131539
131910
132270
132672
132953
133441
133816
133953
134483
134964
135348
135731
136110
136464
136858
137260
137638
138035
138412
138784
139180
139594
139978
140368
140596
141129
141537
141934
142314
142698
143061
143450
143869
144254
144638
145405
145548
146142
146610
147009
147378
147511
148108
148579
148962
149345
149525
150126
150539
150911
151215
152749
153196
153500
153872
154264
154664
154988
155418
155873
156243
156639
157030
157413
157785
158085
158559
158892
159350
159747
160130
160245
160853
161341
161755
162144
162460
162961
163381
163711
164190
164336
164929
165354
165833
166236
166632
167015
167447
168241
168565
168906
169444
169853
170243
170632
171023
171208
171742
172130
172599
172899
173350
173676
174088
174549
174852
175335
175719
176133
176534
176931
177064
177639
178066
178555
178952
179083
179643
180060
180467
180920
181235
181687
182076
182393
182876
183176
183454
183909
184386
184709
185174
185315
185922
186109
186600
186996
187446
187818
188183
188543
188945
189335
189723
190098
190463
190865
191267
191663
192058
192435
192802
193218
193360
193922
194386
194758
195138
195543
195922
196248
196713
197079
197500
197907
198297
198698
199088
199473
199881
200173
200666
200979
201428
201759
202232
202622
202999
203114
203676
204091
204486
204871
205027
205601
206003
206485
206767
207126
207487
207924
208290
208590
209028
209310
209663
210009
210376
210728
211784
212131
212502
212873
213299
213669
213911
214342
214713
215333
215687
216024
216435
216777
217065
217487
217815
218156
218476
218742
219090
219507
219759
220096
220421
220736
221096
221441
221775
222195
222523
222842
223112
223469
223810
224135
224468
224798
225111
225474
225812
226137
226466
226761
227094
227422
227772
228110
228427
229078
229392
229728
230080
230737
231063
231729
232074
232428
232761
233089
233422
233758
234105
234464
234803
235148
235478
235811
236181
236547
236916
237267
237621
237956
238345
238711
239075
239433
239776
239876
240006
240114
240485
240849
241197
241551
241888
242216
242593
242954
243312
243667
244017
244356
244727
245112
245477
245851
246207
246555
246944
247332
247691
248074
248433
248782
249165
249548
249906
250276
250627
250972
251347
251723
252070
252239
252420
252593
252798
253019
253293
253754
254211
254571
254854
255274
255643
255945
256313
256756
257121
257386
257776
258236
258603
258962
259328
259676
260054
260357
260728
261089
261457
261819
262204
262593
262972
263339
263595
264099
264491
264954
265250
265583
265971
266436
266743
267111
267490
267850
268218
268516
269005
271138
271687
272417
273570
275737
276752
277119
277485
277820
278159
278829
279526
279879
280225
280561
280900
281225
281595
281954
282292
282988
283320
283688
284067
284424
284778
285134
285471
286215
287266
287968
288694
291821
292915
293264
293607
293959
294316
294682
295051
295755
296366
296839
297219
297588
297942
298300
298657
299049
299783
300135
300487
300860
301250
301530
301996
302353
302705
303084
303473
303834
304213
304566
304914
305136
305675
306035
306405
306756
307098
307476
307856
308210
309255
309617
309988
310335
310695
311373
311745
312472
312830
313180
313519
313885
314266
314631
315344
315679
316057
316426
317501
317841
318199
318924
319267
320295
320665
322381
323449
324117
324467
325862
326201
326532
326903
328279
328608
328988
329355
329708
330061
330411
330745
331127
332196
332537
332867
333216
334629
335307
335683
336382
337396
337777
338480
338827
339506
339875
340244
340572
340915
341250
341569
341915
342275
342623
342953
343287
343631
343970
344343
344705
345727
346069
346426
346794
348145
348508
348883
349233
349921
350262
350634
351348
352029
352710
353069
353422
353767
354268
354763
355786
355964
356436
356751
357110
357448
357774
358112
358427
358746
359078
359436
359780
360107
360441
361086
361438
361788
362466
363469
363841
364536
364975
365300
365559
366366
366702
367032
367380
367613
367974
368345
368760
369026
369371
369693
370054
370411
371500
372071
372419
372768
373090
373418
373747
374821
375074
375494
376147
376393
377101
377439
378884
379489
380143
380474
381247
381515
382513
382860
383556
384558
385246
386272
386601
386916
387286
387730
388077
388756
389074
389334
389707
390053
390388
393766
394808
395146
395831
396210
396895
397233
397654
398324
398599
398924
399255
400599
400940
402331
402655
402925
404933
405617
406362
407382
407629
408600
408949
412359
412918
415309
418364
419695
421365
422046
423378
423688
424722
427445
431498
432483
433176
433514
434173
435265
435615
435854
436170
436495
436816
437153
437494
437821
438139
438457
438773
439114
439462
439795
441133
441480
441834
442171
442514
442849
443188
443550
443913
444251
444682
445005
445238
445588
445928
446269
446591
446914
447233
447545
447896
448229
448548
448868
449181
449476
449794
450130
450446
450751
451051
451354
451935
452278
452592
452892
453199
453502
453804
454116
454457
454791
455095
455405
455718
456014
456343
456682
457011
457322
457629
457944
458254
458922
459252
460180
460492
460828
461165
461483
462108
462737
463060
463406
463721
464035
464350
464655
464985
465304
465943
466243
466846
467168
467820
468123
468729
469020
469353
469669
470306
470600
470907
471202
471530
471862
472185
472498
472806
474097
474761
475381
475716
476057
476397
476726
477663
478000
478341
478666
479305
479612
479918
480260
480593
480906
481227
481547
481846
482155
482483
483132
483445
483760
484058
484385
484713
485654
486258
486581
486912
487244
487547
487852
488162
488458
488790
489118
489759
490061
490675
491004
491321
491652
492261
492575
492876
493208
493535
493847
494165
494464
494771
495075
495402
495719
496042
496351
496644
497278
497609
497934
498256
498565
498861
499490
499807
500126
500431
500734
501036
501333
501655
501970
502281
502589
502978
503196
503491
503821
504139
504464
504769
505077
505683
506011
506344
506668
506974
507292
507590
507885
508222
508860
509168
509485
510081
510435
510771
511095
511423
511743
512058
512369
512727
513065
513385
513713
514045
514348
514685
515120
515354
515668
515972
516284
516576
517233
517842
518221
518522
518819
519135
519469
519788
520087
520388
520699
521005
521328
521665
521982
522288
522593
522906
523129
523452
523860
524173
524405
524789
525096
525331
525731
526062
526378
526608
526918
527220
527553
527887
528309
528548
528856
529167
529465
529795
530108
530438
530824
531044
531349
531645
531972
532372
532619
532935
533619
533913
534165
534574
534813
535446
536061
536482
536730
537056
537465
537770
538401
538666
538995
539317
539645
539960
540266
540609
540954
541364
541693
543625
543874
544579
544823
545166
545581
545808
546131
546442
546729
547057
547385
547703
548000
548297
548603
548886
549203
549529
549929
550150
550529
550762
551136
551453
551705
552034
552345
552651
553278
553606
553937
556444
557053
557360
557979
558294
558916
559514
559810
560432
560733
561043
561329
561920
562537
566064
567597
567885
568175
568476
568798
569110
569418
569741
570042
570344
570659
570986
571594
572196
572774
573423
573721
574035
574339
574634
574934
575272
576223
577125
582823
583103
583980
584297
585172
585381
585671
585979
586604
588391
588707
589002
589305
589609
589912
590243
590571
591233
593852
594786
595019
595335
596250
596557
596888
597216
597851
598753
599065
599680
600262
600550
601764
602658
602943
603611
603922
605520
605850
606154
606476
607085
607731
608068
608377
608700
609014
609630
609964
610284
610980
611201
611497
611898
612137
612544
612840
613067
613739
613984
614309
614710
615234
615616
615904
616136
616457
616786
618301
618693
618936
620186
621398
621687
621902
622488
623119
623426
623727
627016
627928
628214
628794
629094
629410
629710
630005
630295
630860
631157
631460
632045
633214
636225
636520
636822
637119
637400
637653
638047
638380
640360
641158
642088
642885
643718
644279
647898
649529
