1
181
591
997
1402
1827
2240
2669
3097
3522
3951
4373
4792
5231
5658
6091
6541
6976
7423
7857
8312
8753
9201
9641
10072
10512
10920
11340
11750
12172
12615
13056
13494
13945
14381
14834
15268
15707
16143
16573
17015
17443
17884
18338
18767
19218
19659
20100
20534
20975
21411
21849
22289
22727
23163
23608
24040
24478
24895
25327
25747
26166
26604
27029
27462
27888
28330
28769
29196
29638
30043
30479
30901
31339
31777
32223
32676
33110
33555
33997
34442
34875
35321
35750
36178
36620
37060
37495
37935
38367
38793
39213
39651
40077
40509
40948
41383
41820
42245
42684
43108
43535
43959
44375
44802
45221
45655
46084
46516
46960
47389
47816
48252
48681
49125
49562
49999
50430
50854
51293
51712
52143
52568
52977
53408
53830
54260
54688
55116
55552
55978
56396
56818
57236
57653
58093
58528
58992
59436
59889
60331
60778
61230
61671
62124
62557
63004
63426
63861
64291
64708
65130
65556
65968
66390
66812
67242
67659
68086
68519
68930
69358
69784
70209
70648
71066
71501
71916
72351
72782
73207
73644
74072
74508
74944
75369
75793
76209
76628
77059
77467
77890
78310
78717
79136
79544
79961
80372
80787
81216
81634
82063
82485
82919
83340
83768
84196
84617
85034
85458
85872
86295
86715
87148
87582
88012
88458
88884
89325
89757
90184
90628
91056
91497
91924
92371
92809
93256
93688
94133
94564
94993
95428
95843
96274
96697
97123
97549
97967
98392
98809
99229
99661
100093
100527
100972
101406
101851
102270
102698
103127
103546
103975
104394
104823
105260
105688
106124
106546
106979
107405
107830
108256
108686
109109
109544
109965
110395
110812
111238
111663
112078
112503
112921
113343
113765
114189
114625
115043
115469
115887
116301
116718
117145
117560
117984
118402
118827
119249
119670
120097
120514
120943
121350
121765
122181
122593
123019
123434
123866
124287
124703
125124
125545
125963
126390
126813
127235
127654
128067
128492
128902
129319
129732
130141
130564
130981
131414
131843
132265
132694
133104
133524
133931
134349
134773
135193
135629
136057
136495
136932
137351
137781
138223
138652
139095
139520
139959
140400
140823
141270
141699
142130
142546
142967
143392
143808
144238
144663
145103
145539
145988
146426
146859
147295
147729
148148
148572
148994
149426
149866
150296
150748
151173
151615
152046
152479
152920
153349
153781
154225
154650
155078
155503
155924
156355
156769
157200
157619
158048
158484
158902
159335
159755
160189
160614
161044
161470
161880
162307
162725
163150
163572
163993
164413
164828
165238
165670
166088
166517
166949
167380
167806
168236
168671
169080
169502
169919
170332
170759
171180
171612
172028
172465
172885
173297
173719
174141
174577
175004
175443
175877
176294
176714
177126
177542
177953
178369
178790
179214
179645
180075
180504
180928
181372
181801
182245
182685
183133
183577
184020
184460
184887
185322
185751
186187
186613
187046
187470
187888
188310
188736
189143
189564
189969
190382
190794
191205
191631
192040
192466
192890
193303
193729
194150
194579
194996
195431
195856
196266
196692
197115
197550
197975
198412
198836
199271
199703
200133
200564
200996
201431
201861
202285
202715
203139
203563
203987
204408
204819
205241
205658
206069
206483
206902
207318
207741
208158
208596
209018
209453
209892
210326
210761
211183
211616
212046
212482
212926
213351
213791
214225
214672
215106
215542
215971
216391
216820
217246
217669
218103
218529
218960
219384
219817
220250
220667
221098
221518
221941
222366
222792
223230
223643
224082
224501
224921
225351
225782
226216
226639
227075
227517
227935
228363
228793
229215
229646
230076
230508
230946
231362
231782
232174
232577
232968
233360
233763
234161
234575
234973
235399
235821
236244
236671
237094
237525
237943
238377
238801
239227
239651
240079
240502
240915
241342
241752
242176
242592
243032
243458
243893
244332
244751
245185
245617
246044
246472
246897
247334
247753
248185
248613
249040
249466
249892
250323
250746
251170
251603
252027
252467
252891
253329
253746
254173
254591
255007
255436
255849
256267
256680
257082
257487
257872
258252
258622
258978
259335
259677
260016
260352
260638
260685
261016
261322
261536
261892
262233
262572
262916
263261
263609
263965
264328
264690
265070
265458
265857
266268
266683
267117
267546
267982
268408
268843
269259
269689
270117
270535
270946
271340
271745
272110
272490
272865
273231
273615
273991
274390
274798
275213
275650
276079
276521
276953
277403
277831
278284
278714
279164
279596
280043
280477
280914
281354
281794
282235
282673
283118
283550
283992
284426
284861
285290
285718
286149
286559
286981
287386
287798
288206
288616
289038
289447
289875
290295
290730
291149
291579
292000
292434
292871
293300
293739
294159
294601
295022
295465
295895
296340
296769
297193
297624
298039
298464
298894
299312
299738
300158
300590
301013
301438
301860
302275
302692
303108
303525
303941
304358
304775
305187
305612
306029
306450
306873
307288
307707
308110
308527
308940
309373
309800
310233
310669
311090
311523
311945
312379
312813
313241
313677
314092
314531
314954
315382
315813
316228
316663
317088
317525
317955
318377
318803
319210
319628
320033
320452
320858
321287
321711
322126
322554
322987
323413
323845
324259
324681
325099
325523
325955
326370
326795
327208
327635
328063
328490
328909
329340
329779
330192
330620
331034
331461
331880
332294
332722
333131
333555
333967
334393
334816
335233
335664
336079
336500
336922
337331
337754
338167
338596
339016
339443
339880
340309
340746
341176
341610
342045
342477
342920
343342
343776
344200
344630
345053
345470
345894
346303
346726
347157
347571
348007
348421
348854
349272
349694
350114
350526
350957
351371
351802
352224
352648
353076
353487
353916
354330
354756
355177
355604
356029
356443
356873
357294
357711
358141
358557
358983
359412
359844
360273
360693
361134
361546
361969
362377
362802
363228
363650
364079
364466
364846
365220
365589
365959
366327
366698
367079
367468
367875
368309
368751
369201
369661
370100
370537
370978
371439
371876
372322
372761
373206
373642
374088
374532
374960
375396
375813
376236
376649
377064
377480
377878
378315
378737
379169
379612
380033
380472
380900
381349
381794
382225
382673
383121
383563
384020
384446
384883
385316
385767
386206
386657
387101
387541
387985
388424
388856
389290
389719
390155
390578
391012
391437
391869
392287
392712
393143
393555
393976
394396
394826
395246
395685
396110
396532
396957
397369
397786
398211
398631
399051
399457
399885
400315
400749
401196
401622
402062
402486
402932
403362
403809
404254
404687
405128
405551
405983
406400
406835
407259
407678
408101
408520
408944
409364
409792
410222
410640
411078
411510
411941
412372
412793
413222
413639
414058
414479
414887
415322
415740
416178
416598
417040
417481
417905
418347
418769
419200
419625
420052
420484
420898
421338
421756
422198
422628
423062
423489
423912
424339
424749
425172
425605
426024
426450
426870
427297
427714
428125
428550
428967
429382
429813
430228
430656
431063
431498
431926
432347
432786
433208
433644
434071
434512
434944
435376
435815
436231
436664
437085
437520
437941
438360
438783
439196
439617
440043
440464
440889
441301
441724
442141
442558
442989
443403
443836
444258
444695
445110
445544
445978
446409
446862
447288
447729
448150
448590
449022
449448
449881
450297
450729
451157
451593
452032
452461
452899
453323
453756
454196
454618
455044
455481
455915
456342
456780
457206
457634
458069
458483
458911
459328
459758
460186
460603
461036
461448
461866
462285
462690
463118
463535
463964
464401
464825
465256
465676
466104
466525
466955
467380
467799
468228
468653
469081
469509
469929
470351
470760
471184
471602
472022
472445
472858
473272
473679
474098
474521
474932
475364
475775
476203
476622
477063
477495
477915
478337
478748
479175
479597
480010
480434
480851
481273
481693
482108
482539
482961
483391
483826
484250
484677
485093
485526
485948
486386
486818
487249
487684
488100
488536
488945
489376
489795
490221
490647
491067
491493
491905
492335
492753
493165
493585
493995
494426
494842
495280
495710
496132
496561
496981
497407
497836
498256
498686
499105
499536
499963
500385
500817
501231
501647
502065
502482
502910
503316
503752
504166
504595
505021
505447
505873
506286
506722
507142
507568
507999
508419
508849
509266
509695
510118
510535
510959
511379
511801
512227
512642
513057
513465
513881
514304
514709
515136
515547
515968
516383
516812
517241
517660
518088
518502
518919
519334
519758
520177
520584
521016
521426
521856
522281
522708
523131
523552
523976
524394
524810
525238
525649
526070
526492
526905
527319
527723
528145
528562
528983
529408
529823
530240
530644
531063
531479
531889
532313
532722
533142
533545
533976
534396
534809
535238
535655
536082
536510
536926
537355
537770
538205
538623
539043
539467
539883
540302
540723
541148
541566
541976
542406
542822
543245
543662
544084
544500
544910
545340
545758
546178
546602
547016
547429
547856
548276
548715
549127
549564
549980
550413
550837
551271
551699
552119
552546
552954
553375
553796
554211
554622
555033
555456
555869
556291
556714
557134
557554
557971
558390
558796
559211
559631
560046
560467
560887
561304
561720
562135
562563
562973
563399
563813
564237
564647
565079
565503
565922
566352
566770
567194
567605
568028
568453
568878
569315
569730
570156
570562
570993
571420
571838
572269
572680
573107
573523
573948
574366
574776
575193
575593
576013
576425
576858
577268
577676
578080
578474
578870
579265
579662
580062
580471
580893
581323
581750
582188
582621
583054
583481
583912
584335
584750
585179
585599
586023
586460
586882
587313
587727
588155
588572
589000
589433
589850
590278
590693
591126
591549
591970
592396
592806
593232
593652
594079
594498
594920
595344
595753
596173
596597
597016
597440
597859
598283
598708
599130
599563
599976
600409
600824
601243
601662
602079
602505
602911
603343
603754
604172
604590
605001
605422
605822
606247
606659
607069
607491
607905
608330
608754
609170
609595
610006
610427
610860
611275
611706
612123
612543
612960
613374
613801
614213
614637
615059
615467
615893
616308
616734
617161
617585
618008
618416
618834
619256
619678
620112
620540
620975
621401
621826
622258
622668
623090
623517
623935
624366
624775
625205
625611
626035
626456
626860
627282
627695
628127
628552
628979
629408
629818
630247
630666
631100
631523
631956
632388
632805
633234
633657
634080
634499
634918
635339
635754
636179
636608
637019
637451
637863
638283
638697
639115
639541
639951
640372
640783
641191
641604
642013
642434
642840
643266
643684
644092
644507
644920
645338
645754
646164
646581
646987
647401
647820
648229
648652
649072
649498
