1
310
505
978
1316
1652
1972
2295
2491
2957
3298
3615
3925
4259
4450
4907
5241
5553
5883
6211
6522
6865
7201
7514
7711
8180
8380
8861
9054
9532
9738
10195
10411
10869
11068
11546
11864
12188
12503
12806
13002
13464
13660
14122
14327
14790
14983
15452
15769
16081
16406
16722
16911
17393
17724
17914
18390
18728
18924
19404
19619
20106
20438
20630
21103
21299
21765
21972
22412
22745
23064
23383
23724
24055
24407
24748
25072
25266
25757
26074
26403
26731
27048
27368
27696
27886
28372
28720
29057
29377
29706
29912
30388
30578
31067
31265
31729
32065
32376
32699
33026
33346
33669
34002
34330
34658
34996
35340
35668
36017
36356
36686
37030
37357
37683
38029
38354
38677
39016
39341
39659
39985
40301
40628
40953
41280
41609
41937
42128
42597
42928
43251
43563
43882
44207
44519
44836
45031
45493
45834
46162
46482
46816
47134
47328
47797
47993
48464
48703
49150
49491
49808
50005
50469
50796
50987
51462
51789
52116
52436
52749
52944
53409
53753
54081
54397
54728
55048
55368
55699
56020
56338
56673
56988
57176
57654
57973
58158
58625
58944
59141
59593
59792
60258
60571
60757
61209
61518
61846
62175
62493
62691
63196
63521
63718
64214
64570
64763
65250
65587
65778
66254
66588
66785
67264
67461
67937
68267
68457
68917
69121
69585
69789
70252
70482
70933
71126
71599
71802
72268
72607
72930
73251
73596
73924
74112
74596
74801
75282
75615
75934
76133
76614
76810
77288
77486
77958
78294
78608
78943
79276
79592
79925
80264
80603
80942
81287
81636
81824
82299
82642
82962
83155
83632
83827
84306
84636
84940
85138
85604
85801
86273
86589
86786
87255
87573
87772
88239
88575
88770
89242
89505
89950
90267
90460
90938
91286
91607
91920
92262
92452
92920
93264
93593
93920
94242
94432
94910
95247
95567
95882
96207
96402
96879
97215
97553
97874
98065
98534
98726
99203
99532
99848
100038
100513
100833
101153
101345
101813
102012
102472
102684
103151
103469
103663
104113
104428
104624
105069
105384
105596
106034
106223
106701
106896
107364
107575
108029
108364
108555
109017
109342
109533
109998
110319
110508
110976
111302
111490
111956
112281
112474
112938
113130
113601
113910
114211
114526
114830
115150
115479
115790
115979
116459
116656
117118
117443
117752
117948
118413
118731
118933
119393
119707
119902
120356
120675
120870
121311
121639
121830
122269
122586
122777
123232
123559
123877
124192
124385
124839
125037
125486
125806
126114
126424
126741
127049
127365
127685
127993
128310
128646
128959
129276
129609
129922
130108
130572
130765
131233
131559
131866
132072
132530
132724
133186
133501
133693
134149
134463
134650
135110
135425
135613
136069
136388
136586
137047
137364
137562
138028
138336
138523
138975
139295
139610
139932
140265
140588
140916
141241
141564
141900
142096
142565
142912
143231
143537
143866
144177
144496
144825
145137
145459
145792
146110
146425
146755
147077
147403
147726
148043
148367
148689
148998
149318
149646
149968
150281
150605
150933
151236
151549
151741
152196
152534
152859
153167
153492
153692
154156
154492
154804
155125
155457
155769
156101
156441
156761
156948
157425
157752
157951
158426
158749
158951
159429
159746
159938
160394
160717
160906
161357
161558
162018
162335
162640
162830
163306
163626
163951
164292
164612
164931
165266
165586
165777
166258
166453
166930
167268
167579
167776
168245
168444
168915
169113
169584
169917
170223
170540
170862
171054
171528
171866
172202
172518
172839
173038
173505
173854
174182
174497
174835
175153
175469
175807
176121
176444
176783
177109
177432
177766
178089
178405
178728
179054
179377
179698
180016
180337
180660
180977
181288
181613
181938
182253
182577
182901
183225
183552
183875
184193
184527
184849
185172
185506
185824
186146
186470
186786
187105
187439
187765
188079
188419
188754
189065
189395
189717
190036
190363
190682
191006
191334
191651
191969
192293
192618
192942
193267
193592
193908
194220
194531
194841
195155
195477
195784
196111
196310
196776
197116
197442
197758
198093
198281
198755
199104
199436
199758
200086
200277
200761
201103
201432
201757
202083
202272
202746
203088
203415
203724
204051
204368
204561
205039
205362
205553
206046
206375
206564
207050
207385
207574
208044
208379
208575
209045
209379
209573
210045
210244
210720
211040
211239
211697
212028
212227
212688
213005
213193
213652
213849
214314
214623
214823
215271
215581
215775
216254
216593
216782
217261
217594
217924
218245
218567
218890
219221
219538
219737
220211
220536
220728
221196
221390
221865
222186
222492
222812
223132
223445
223772
223961
224431
224781
225096
225406
225742
225933
226404
226755
227084
227410
227741
227929
228419
228765
229086
229397
229724
230055
230367
230697
231029
231342
231667
231993
232311
232648
232967
233283
233625
233938
234122
234598
234921
235113
235584
235909
236234
236558
236866
237182
237512
237839
238152
238485
238812
239138
239467
239793
240117
240458
240779
240973
241460
241789
241983
242451
242778
242971
243448
243765
244097
244415
244722
244918
245392
245719
245915
246386
246708
247030
247349
247666
247855
248322
248651
248845
249309
249648
249977
250284
250601
250924
251241
251558
251881
252205
252528
252843
253165
253480
253810
254137
254445
254776
254967
255434
255774
256092
256417
256748
256937
257413
257755
258071
258386
258698
258890
259359
259690
260011
260330
260659
260846
261323
261671
262002
262327
262666
262988
263179
263659
263984
264174
264659
264986
265174
265655
265854
266345
266669
267002
267341
267656
267847
268325
268523
268994
269325
269639
269834
270303
270500
270977
271317
271628
271953
272283
272605
272794
273268
273598
273792
274262
274585
274776
275251
275580
275768
276242
276444
276917
277112
277575
277910
278219
278410
278883
279214
279401
279879
280204
280399
280877
281201
281398
281863
282188
282380
282840
283037
283500
283698
284166
284406
284849
285192
285517
285840
286166
286352
286835
287181
287503
287824
288159
288488
288802
289130
289458
289786
290109
290429
290745
291078
291388
291701
292036
292351
292662
292993
293304
293626
293956
294144
294612
294954
295274
295598
295923
296240
296435
296921
297114
297595
297935
298253
298439
298925
299125
299597
299933
300257
300448
300924
301264
301455
301939
302133
302612
302940
303255
303573
303888
304200
304533
304859
305180
305526
305861
306181
306520
306845
307176
307503
307819
308016
308500
308823
309153
309484
309809
310126
310444
310769
311081
311392
311707
312021
312351
312665
312854
313329
313657
313849
314321
314641
314972
315300
315611
315938
316268
316575
316903
317233
317561
317883
318213
318404
318885
319222
319559
319877
320209
320403
320873
321222
321547
321864
322201
322522
322845
323182
323498
323686
324178
324374
324849
325180
325497
325695
326164
326493
326818
327019
327479
327811
328139
328459
328658
329132
329457
329788
330114
330445
330762
331096
331424
331737
331943
332413
332732
333046
333364
333683
333992
334313
334504
334977
335318
335654
335969
336306
336640
336958
337295
337623
337941
338281
338613
338942
339287
339614
339949
340282
340595
340790
341263
341595
341796
342261
342595
342786
343246
343577
343769
344237
344573
344764
345238
345563
345756
346212
346528
346718
347187
347500
347690
348155
348356
348821
349016
349473
349806
350117
350425
350744
350941
351398
351730
352050
352368
352560
353032
353237
353706
354043
354356
354547
355017
355211
355674
356004
356316
356639
356964
357279
357615
357932
358121
358612
358820
359289
359626
359941
360268
360589
360907
361231
361562
361875
362192
362518
362837
363155
363477
363799
364122
364447
364768
365083
365410
365737
366052
366386
366578
367047
367383
367702
368011
368204
368664
368864
369333
369673
369991
370308
370643
370974
371296
371621
371952
372273
372595
372916
373232
373572
373897
374214
374562
374899
375218
375560
375890
376079
376565
376755
377238
377587
377896
378210
378528
378847
379160
379479
379805
380121
380442
380761
381080
381413
381737
382063
382404
382731
382922
383411
383610
384109
384312
384807
385167
385505
385843
386180
386515
386861
387202
387544
387746
388239
388592
388780
389276
389479
389965
390160
390650
390991
391321
391508
392001
392345
392676
393018
393356
393688
393882
394367
394563
395058
395253
395735
396095
396426
396746
397070
397410
397735
398054
398250
398734
398920
399395
399594
400072
400408
400600
401073
401386
401677
401968
402161
402515
402712
403037
403231
403540
403804
404049
404237
404680
404980
405285
405597
405900
406085
406562
406873
407183
407506
407694
408173
408363
408830
409041
409505
409694
410161
410352
410812
411120
411409
411717
412022
412216
412667
412859
413314
413516
413953
414263
414559
414853
415043
415458
415646
416068
416283
416668
416863
417278
417488
417863
418135
418406
418687
418977
419165
419611
419936
420246
420565
420877
421068
421525
421845
422035
422483
422797
422980
423420
423729
423920
424347
424649
424844
425274
425471
425897
426099
426528
426723
427143
427333
427755
428051
428341
428628
428820
429249
429446
429864
430166
430461
430762
430951
431382
431677
431978
432273
432460
432879
433067
433476
433764
433952
434335
434621
434891
435082
435459
435736
436012
436207
436555
436822
437020
437377
437598
437855
438134
438402
438588
438992
439287
439474
439934
440257
440445
440954
441308
441488
442009
442357
442702
443034
443369
443566
444064
444258
444744
444939
445426
445619
446087
446411
446736
447054
447366
447563
448035
448368
448554
449030
449223
449693
450008
450195
450668
450988
451306
451504
451971
452156
452623
452816
453302
453630
453965
454161
454644
454977
455308
455500
455988
456183
456661
456996
457187
457667
457859
458344
458684
458869
459355
459697
459887
460355
460688
460880
461348
461684
461875
462343
462542
462983
463172
463626
463939
464249
464575
464915
465106
465626
465826
466355
466575
467066
467263
467781
467965
468444
468640
469113
469311
469783
470109
470440
470627
471106
471298
471807
472140
472474
472804
473138
473326
473817
474161
474356
474848
475188
475535
475724
476199
476390
476877
477078
477559
477904
478241
478434
478914
479109
479599
479799
480274
480470
480958
481154
481628
481820
482292
482494
482949
483145
483589
483889
484186
484465
484753
485056
485350
485645
485967
486289
486603
486939
487280
487615
487959
488312
488662
489007
489198
489710
489908
490400
490589
491057
491269
491724
492039
492229
492665
492980
493171
493601
493799
494244
494541
494849
495164
495485
495817
496011
496483
496677
497156
497351
497824
498019
498499
498693
499163
499489
499679
500120
500319
500749
501053
501350
501537
501969
502164
502585
502895
503084
503539
503862
504051
504524
504719
505189
505386
505896
506092
506596
506951
507148
507639
507993
508183
508677
508882
509371
509715
509907
510391
510733
511063
511253
511737
511935
512424
512761
513089
513288
513767
513967
514463
514793
514989
515478
515820
516153
516477
516670
517168
517507
517860
518194
518522
518725
519204
519409
519895
520227
520426
520894
521216
521533
521727
522189
522382
522817
523135
523329
523759
523961
524407
524727
525048
525239
525735
525933
526411
526617
527083
527417
527608
528059
528384
528573
529017
529339
529528
529997
530322
530514
530979
531300
531494
531940
532132
532591
532791
533238
533550
533864
534187
534518
534708
535199
535403
535897
536090
536573
536782
537247
537466
537913
538110
538566
538769
539225
539538
539851
540158
540478
540802
541129
541473
541816
542152
542505
542853
543204
543560
543899
544254
544602
544934
545276
545621
545973
546161
546668
546872
547359
547566
548045
548253
548725
548928
549385
549713
549905
550359
550678
550995
551193
551633
551832
552255
552448
552829
553105
553292
553638
553909
554168
554424
554684
554947
555152
555485
555763
555954
556322
556522
556893
557166
557437
557637
558019
558233
558610
558899
559205
559402
559827
560144
560467
560662
561143
561495
561837
562173
562364
562887
563230
563565
563757
564253
564587
564927
565252
565588
565924
566231
566537
566728
567133
567330
567777
568086
568388
568597
569033
569228
569687
569999
570316
570509
570959
571155
571570
571857
572144
572335
572746
573032
573320
573602
573794
574185
574387
574785
575082
575371
575567
575968
576263
576562
576873
577178
577366
577857
578047
578548
578874
579064
579542
579877
580063
580570
580938
581132
581648
581849
582356
582718
582913
583429
583618
584147
584491
584823
585164
585495
585825
586017
586523
586719
587191
587541
587862
588172
588366
588819
589012
589471
589790
590091
590389
590712
590906
591380
591723
592051
592370
592692
593019
593339
593683
594023
594353
594697
595058
595405
595734
595937
596431
596765
596955
597439
597764
598083
598411
598743
599088
599287
599794
600144
600500
600843
601195
601386
601913
602117
602642
602983
603165
603679
604019
604361
604686
605008
605217
605697
606025
606214
606692
607022
607347
607665
607976
608293
608618
608939
609257
609606
609934
610250
610447
610926
611116
611592
611934
612263
612575
612761
613235
613434
613892
614101
614562
614898
615225
615430
615925
616274
616470
616979
617323
617519
618020
618370
618709
619053
619390
619724
620088
620433
620778
621138
621490
621829
622172
622523
622867
623196
623547
623893
624218
624549
624887
625228
625567
625908
626252
626578
626920
627263
627588
627929
628270
628602
628938
629280
629606
629938
630277
630619
630949
631281
631613
631939
632273
632607
632933
633126
633608
633805
634290
634637
634957
635271
635590
635906
636214
636523
636844
637160
637468
637795
638116
638431
638627
639102
639433
639760
640096
640429
640757
640954
641451
641793
642129
642481
642820
643160
643503
643857
644196
644526
644881
645229
645558
645753
646227
646558
646881
647198
647521
647838
648155
648480
648793
649130
649469
649789
