1
94
327
563
799
1019
1254
1489
1731
1968
2209
2449
2692
2936
3185
3436
3687
3936
4184
4429
4683
4934
5184
5427
5680
5931
6181
6419
6681
6927
7165
7407
7660
7905
8150
8378
8618
8861
9098
9334
9572
9817
10060
10298
10535
10786
11033
11279
11529
11780
12031
12281
12539
12793
13046
13296
13554
13806
14056
14302
14556
14806
15053
15306
15561
15811
16061
16312
16565
16820
17075
17320
17572
17828
18080
18336
18597
18858
19114
19359
19630
19886
20147
20402
20663
20906
21165
21420
21677
21915
22159
22406
22659
22904
23145
23381
23636
23880
24130
24377
24626
24876
25127
25376
25633
25881
26129
26375
26626
26872
27116
27360
27613
27860
28107
28360
28615
28869
29124
29379
29633
29891
30146
30405
30661
30902
31150
31403
31654
31906
32141
32387
32641
32889
33140
33396
33637
33888
34136
34393
34632
34874
35113
35362
35602
35843
36078
36315
36566
36809
37056
37309
37558
37801
38050
38303
38553
38806
39059
39323
39584
39841
40097
40360
40614
40874
41128
41392
41647
41905
42162
42420
42676
42932
43196
43455
43716
43969
44235
44502
44777
45044
45310
45576
45837
46103
46366
46622
46874
47135
47394
47646
47896
48158
48409
48660
48908
49162
49407
49660
49906
50159
50406
50648
50900
51152
51400
51645
51885
52139
52384
52629
52869
53116
53351
53596
53845
54096
54344
54587
54838
55095
55343
55596
55838
56084
56330
56578
56830
57084
57336
57587
57843
58109
58373
58637
58893
59162
59428
59699
59972
60237
60493
60751
61017
61277
61535
61784
62057
62323
62592
62863
63127
63386
63648
63913
64184
64455
64725
65008
65299
65599
65911
66229
66538
66862
67192
67503
67807
68107
68395
68676
68952
69228
69503
69771
70040
70306
70575
70838
71106
71361
71619
71878
72139
72395
72645
72898
73149
73404
73648
73906
74149
74395
74647
74900
75148
75395
75639
75894
76139
76393
76631
76878
77125
77371
77620
77875
78119
78366
78612
78873
79124
79381
79631
79892
80150
80410
80673
80932
81185
81440
81702
81956
82214
82463
82720
82970
83221
83475
83733
83979
84228
84477
84733
84984
85238
85482
85738
85992
86244
86504
86761
87012
87262
87520
87781
88038
88288
88546
88804
89060
89320
89583
89842
90106
90371
90641
90901
91168
91429
91694
91954
92213
92474
92738
92998
93254
93519
93786
94051
94313
94585
94849
95119
95390
95666
95931
96196
96467
96729
96993
97248
97508
97763
98027
98287
98548
98801
99057
99312
99578
99835
100088
100340
100599
100850
101100
101355
101605
101859
102117
102393
102674
102967
103258
103553
103835
104122
104407
104687
104958
105224
105503
105777
106049
106312
106591
106868
107146
107427
107703
107974
108248
108522
108780
109047
109306
109574
109840
110112
110388
110665
110939
111206
111489
111765
112032
112294
112562
112827
113091
113359
113614
113871
114125
114394
114647
114899
115145
115404
115652
115905
116151
116403
116648
116896
117142
117385
117624
117870
118106
118353
118586
118821
119068
119316
119555
119797
120032
120288
120536
120786
121031
121287
121538
121794
122052
122313
122571
122829
123094
123353
123617
123872
124136
124402
124670
124939
125206
125465
125731
126000
126267
126531
126791
127062
127324
127582
127850
128121
128382
128641
128907
129177
129438
129694
129952
130213
130466
130723
130983
131241
131495
131745
132005
132260
132515
132759
133010
133262
133509
133755
134008
134247
134490
134729
134979
135210
135445
135674
135919
136147
136385
136611
136844
137085
137315
137550
137780
138014
138242
138475
138695
138925
139153
139376
139596
139824
140059
140288
140506
140729
140964
141195
141426
141644
141873
142103
142337
142567
142803
143038
143263
143492
143731
143971
144207
144446
144668
144909
145145
145381
145618
145863
146104
146334
146575
146820
147065
147307
147537
147772
148017
148253
148495
148740
148985
149216
149463
149706
149959
150200
150441
150686
150935
151181
151435
151685
151940
152186
152434
152683
152937
153183
153427
153671
153921
154167
154413
154669
154927
155184
155435
155698
155956
156222
156481
156749
157005
157270
157541
157812
158079
158346
158623
158896
159170
159431
159704
159976
160247
160518
160785
161047
161310
161583
161852
162114
162366
162634
162894
163155
163419
163677
163929
164185
164442
164700
164952
165198
165442
165689
165940
166192
166446
166701
166949
167211
167488
167768
168048
168320
168606
168883
169160
169440
169720
169992
170264
170548
170822
171098
171372
171645
171920
172197
172471
172733
173003
173269
173544
173808
174066
174331
174594
174860
175123
175393
175649
175912
176177
176449
176711
176971
177229
177492
177753
178015
178278
178532
178792
179051
179317
179574
179832
180076
180336
180590
180843
181094
181344
181593
181840
182090
182349
182598
182841
183094
183353
183607
183858
184112
184370
184623
184882
185136
185395
185653
185916
186175
186435
186694
186955
187223
187491
187761
188026
188310
188582
188861
189135
189422
189701
189991
190287
190567
190843
191126
191410
191696
191972
192252
192527
192808
193097
193388
193670
193946
194237
194514
194793
195067
195346
195612
195884
196162
196433
196699
196963
197235
197505
197779
198055
198331
198609
198893
199176
199456
199737
200016
200292
200577
200850
201124
201394
201663
201944
202224
202490
202757
203036
203308
203582
203853
204124
204394
204672
204955
205228
205500
205781
206063
206340
206614
206892
207167
207440
207711
207993
208266
208537
208815
209093
209379
209667
209965
210252
210543
210838
211122
211410
211695
211977
212248
212521
212799
213068
213334
213609
213889
214159
214425
214704
214981
215259
215523
215807
216082
216350
216623
216899
217167
217426
217705
217978
218250
218508
218777
219041
219306
219572
219836
220099
220355
220613
220873
221129
221378
221626
221871
222121
222370
222621
222871
223109
223356
223608
223859
224103
224339
224585
224829
225070
225313
225549
225794
226033
226278
226527
226780
227028
227283
227534
227791
228045
228305
228570
228828
229081
229332
229593
229850
230107
230353
230614
230866
231125
231383
231648
231908
232171
232435
232701
232963
233231
233499
233765
234030
234293
234562
234833
235111
235379
235658
235935
236200
236470
236739
237007
237278
237553
237815
238082
238355
238622
238879
239139
239402
239661
239918
240181
240445
240706
240971
241226
241496
241753
242014
242265
242523
242782
243038
243302
243566
243826
244082
244350
244613
244874
245127
245389
245646
245902
246157
246410
246656
246904
247147
247386
247628
247868
248096
248329
248560
248794
249028
249271
249499
249731
249965
250212
250449
250689
250917
251165
251406
251647
251889
252136
252373
252619
252861
253112
253356
253601
253843
254093
254340
254592
254842
255097
255347
255602
255852
256110
256360
256613
256857
257117
257370
257623
257880
258144
258401
258659
258922
259190
259447
259706
259969
260228
260488
260750
261010
261270
261533
261791
262054
262307
262569
262819
263082
263341
263597
263853
264120
264379
264636
264898
265163
265427
265692
265965
266231
266494
266766
267041
267308
267575
267850
268127
268401
268673
268946
269219
269497
269774
270063
270341
270616
270899
271182
271461
271733
272014
272285
272561
272844
273122
273398
273682
273989
274283
274569
274859
275147
275439
275721
276002
276284
276562
276846
277117
277387
277651
277922
278189
278452
278722
278999
279275
279549
279833
280108
280391
280663
280939
281220
281506
281789
282061
282335
282610
282889
283160
283426
283697
283971
284243
284513
284781
285046
285311
285581
285855
286117
286377
286652
286918
287187
287459
287732
287999
288273
288549
288816
289090
289352
289626
289890
290155
290423
290708
290984
291257
291538
291804
292080
292344
292620
292886
293150
293414
293684
293946
294214
294493
294759
295038
295319
295607
295889
296171
296461
296747
297039
297325
297605
297886
298156
298439
298708
298969
299238
299508
299773
300031
300298
300565
300828
301087
301356
301612
301875
302140
302407
302670
302930
303188
303450
303710
303967
304225
304487
304755
305024
305302
305582
305859
306138
306432
306715
307003
307297
307579
307866
308157
308443
308719
308998
309287
309568
309858
310143
310438
310723
311003
311296
311588
311864
312144
312430
312702
312971
313255
313522
313785
314054
314325
314586
314848
315114
315377
315643
315904
316171
316433
316693
316958
317227
317489
317744
318003
318271
318536
318797
319056
319320
319584
319850
320123
320386
320650
320918
321193
321451
321716
321976
322236
322498
322764
323035
323295
323559
323821
324089
324351
324608
324860
325117
325372
325621
325875
326131
326379
326627
326877
327125
327372
327617
327865
328109
328349
328594
328842
329088
329332
329579
329831
330084
330340
330593
330853
331106
331366
331629
331901
332165
332427
332686
332958
333224
333489
333756
334021
334290
334561
334844
335106
335374
335647
335922
336189
336445
336714
336976
337245
337510
337779
338039
338303
338562
338824
339090
339351
339616
339878
340145
340415
340691
340960
341219
341480
341750
342011
342273
342532
342790
343051
343314
343582
343841
344109
344375
344656
344929
345201
345471
345746
346019
346299
346578
346854
347130
347408
347697
347976
348249
348525
348800
349064
349337
349615
349889
350172
350453
350732
350998
351266
351531
351797
352061
352321
352591
352850
353113
353372
353638
353892
354148
354402
354660
354910
355161
355418
355675
355924
356176
356434
356689
356945
357198
357459
357718
357982
358249
358522
358796
359074
359361
359650
359950
360228
360520
360809
361096
361383
361660
361941
362230
362524
362804
363080
363365
363646
363928
364209
364481
364763
365044
365340
365632
365916
366199
366484
366766
367041
367325
367600
367873
368147
368419
368688
368956
369235
369506
369764
370036
370305
370567
370830
371089
371349
371606
371861
372122
372373
372621
372878
373131
373382
373633
373879
374131
374379
374631
374876
375133
375384
375633
375887
376149
376404
376660
376920
377180
377436
377695
377962
378223
378481
378748
379022
379287
379553
379814
380085
380352
380622
380888
381148
381411
381674
381948
382208
382469
382730
383004
383269
383532
383790
384054
384319
384586
384855
385118
385386
385653
385927
386188
386456
386720
386990
387260
387525
387798
388070
388340
388604
388870
389137
389399
389657
389921
390175
390431
390691
390957
391211
391466
391727
391990
392251
392510
392763
393017
393270
393524
393780
394031
394277
394529
394789
395046
395304
395550
395815
396071
396333
396603
396877
397144
397414
397698
397972
398248
398519
398804
399079
399358
399643
399920
400200
400468
400752
401030
401308
401582
401857
402133
402408
402695
402972
403240
403522
403806
404098
404389
404688
404986
405288
405596
405883
406163
406450
406730
407000
407263
407537
407803
408072
408343
408608
408872
409135
409405
409678
409947
410207
410481
410755
411029
411312
411598
411875
412150
412429
412704
412977
413245
413515
413780
414052
414325
414594
414863
415129
415401
415668
415937
416206
416476
416748
417030
417318
417604
417883
418169
418464
418748
419020
419309
419593
419880
420167
420453
420742
421026
421312
421598
421881
422163
422441
422725
423007
423295
423588
423879
424189
424486
424773
425056
425349
425641
425934
426233
426515
426793
427098
427404
427711
428000
428290
428577
428858
429141
429423
429707
429990
430276
430561
430834
431117
431397
431684
431965
432249
432529
432806
433083
433356
433626
433887
434149
434411
434676
434940
435199
435455
435711
435972
436228
436483
436735
436993
437250
437507
437757
438022
438277
438536
438795
439067
439326
439595
439857
440128
440397
440669
440939
441202
441474
441738
442011
442279
442549
442815
443080
443347
443613
443891
444159
444427
444695
444973
445243
445510
445790
446067
446340
446622
446914
447198
447478
447779
448065
448359
448651
448949
449239
449530
449834
450129
450425
450726
451010
451289
451563
451841
452111
452384
452666
452941
453205
453474
453745
454013
454279
454541
454800
455059
455326
455592
455846
456109
456372
456644
456908
457176
457444
457719
457992
458271
458553
458833
459102
459368
459643
459916
460180
460447
460716
460981
461255
461532
461794
462069
462350
462633
462919
463203
463484
463748
464023
464296
464565
464827
465090
465357
465620
465881
466137
466405
466663
466920
467179
467449
467709
467969
468231
468500
468763
469022
469283
469539
469800
470064
470330
470586
470851
471113
471384
471644
471908
472163
472427
472685
472942
473208
473470
473726
473980
474244
474506
474770
475024
475287
475546
475808
476075
476347
476607
476869
477136
477403
477669
477930
478192
478455
478720
478981
479248
479508
479767
480025
480297
480558
480816
481073
481329
481585
481840
482101
482353
482600
482852
483110
483362
483611
483850
484101
484347
484596
484840
485084
485328
485569
485808
486050
486288
486532
486763
487004
487236
487478
487716
487960
488198
488427
488663
488908
489148
489380
489607
489843
490079
490309
490545
490776
491019
491254
491493
491732
491979
492216
492462
492697
492945
493189
493436
493685
493941
494191
494449
494707
494968
495230
495489
495757
496020
496284
496550
496825
497088
497353
497619
497886
498156
498422
498693
498956
499234
499511
499791
500062
500338
500624
500900
501172
501438
501712
501979
502238
502501
502769
503028
503287
503549
503810
504069
504324
504589
504845
505101
505364
505626
505882
506135
506386
506643
506894
507151
507403
507665
507924
508188
508459
508735
509001
509263
509536
509802
510069
510326
510594
510855
511119
511387
511656
511921
512194
512474
512747
513025
513293
513568
513836
514107
514381
514651
514922
515188
515466
515732
516000
516261
516537
516808
517077
517348
517623
517891
518157
518435
518705
518982
519259
519534
519813
520098
520383
520663
520936
521201
521472
521737
521999
522256
522515
522764
523017
523275
523528
523770
524015
524267
524513
524756
525002
525252
525500
525747
525998
526254
526504
526758
527006
527266
527518
527777
528027
528293
528554
528817
529081
529352
529615
529878
530148
530417
530683
530943
531219
531478
531741
532010
532280
532543
532810
533080
533346
533617
533881
534155
534418
534681
534948
535221
535490
535753
536027
536302
536584
536855
537135
537410
537683
537962
538230
538498
538766
539036
539301
539572
539839
540096
540362
540629
540896
541149
541408
541665
541929
542190
542446
542700
542959
543222
543481
543744
544009
544271
544529
544801
545062
545321
545575
545837
546092
546347
546605
546869
547122
547382
547641
547899
548159
548414
548671
548922
549172
549428
549683
549938
550193
550448
550711
550979
551245
551505
551771
552039
552311
552601
552881
553157
553441
553730
554005
554290
554569
554852
555134
555419
555705
555980
556256
556532
556817
557095
557365
557651
557934
558223
558503
558782
559065
559358
559675
559980
560281
560592
560879
561170
561466
561755
562036
562316
562605
562895
563192
563486
563781
564078
564371
564659
564940
565215
565499
565772
566051
566324
566596
566855
567122
567393
567655
567915
568173
568444
568707
568973
569226
569485
569746
570010
570278
570538
570803
571071
571343
571604
571867
572121
572386
572644
572897
573159
573422
573679
573932
574191
574448
574701
574950
575205
575452
575695
575944
576193
576437
576680
576920
577169
577414
577663
577901
578145
578390
578636
578881
579131
579382
579633
579889
580157
580415
580671
580930
581195
581448
581701
581964
582223
582477
582734
582991
583243
583499
583750
584005
584245
584496
584743
584996
585242
585485
585730
585985
586231
586480
586716
586971
587216
587466
587716
587970
588218
588465
588715
588971
589217
589469
589716
589969
590214
590459
590709
590963
591213
591465
591715
591978
592234
592491
592739
592992
593243
593493
593748
594000
594246
594490
594743
594995
595244
595486
595733
595982
596225
596472
596725
596974
597217
597466
597716
597970
598220
598467
598719
598971
599227
599487
599752
600015
600273
600533
600804
601062
601321
601572
601830
602080
602330
602584
602841
603088
603342
603602
603862
604122
604379
604640
604898
605155
605410
605670
605924
606184
606440
606707
606969
607233
607500
607777
608045
608316
608600
608870
609141
609410
609683
609947
610210
610474
610733
610994
611273
611574
611874
612172
612476
612774
613065
613346
613637
613931
614208
614495
614779
615061
615347
615626
615910
616180
616456
616722
616992
617266
617538
617801
618061
618333
618595
618862
619112
619376
619636
619895
620161
620416
620674
620926
621189
621452
621714
621960
622223
622476
622732
622987
623243
623492
623742
623997
624256
624503
624756
625009
625265
625524
625791
626059
626325
626592
626863
627143
627411
627681
627947
628220
628487
628755
629029
629299
629565
629831
630103
630362
630624
630879
631144
631398
631650
631909
632166
632415
632670
632923
633181
633436
633687
633944
634195
634447
634703
634960
635212
635462
635704
635961
636210
636460
636699
636950
637198
637449
637701
637963
638212
638461
638713
638976
639226
639483
639727
639979
640227
640476
640725
640973
641216
641460
641707
641959
642206
642453
642699
642953
643208
643460
643716
643978
644236
644493
644760
645019
645274
645528
645791
646047
646303
646558
646819
647073
647330
647590
647851
648103
648361
648611
648871
649129
649384
649643
649907
