1
97
430
663
1002
1268
1485
1718
2102
2322
2448
2661
2794
2934
3125
3334
3462
3714
3993
4723
4860
5084
5248
5435
5651
5794
6031
6200
6712
6944
7752
7883
8155
8313
8542
8876
9115
9294
9433
9672
9952
10169
10498
10831
11082
11343
11653
11859
12018
12277
12528
12756
12992
13199
13542
13778
14016
14291
14591
14785
14927
15244
15436
15630
15930
16595
19117
19259
19393
19744
19975
20453
20582
20710
20899
21035
21159
21280
21408
21707
22140
22387
22514
22650
22768
22883
24076
24226
24490
24726
24885
25002
25302
26002
26302
26822
26974
27830
28453
28637
28863
29026
29343
29520
29786
30063
31250
31851
32009
32244
32517
32728
33405
33765
33980
34582
35746
35794
35930
36297
36494
36921
37965
38069
38635
38869
39081
39206
39791
40041
40401
40927
41474
41811
42437
43066
43627
43698
45164
45288
45567
45800
46189
46471
46733
47236
47360
48028
48270
48739
49061
49260
49420
49570
49700
49938
50120
50449
50745
51054
51257
51378
51430
51654
51907
52179
52934
53170
53356
53749
54330
54473
55673
57075
57528
58581
59633
60613
61694
63748
63890
66044
66212
66889
67062
67954
68625
69404
70262
70998
71621
72521
75752
75952
76706
76992
77149
77801
78340
79287
79516
80574
80999
81208
81644
81871
82131
83174
83358
83890
85593
86492
87615
87870
88537
88788
89010
89534
89662
89792
89930
90074
90196
90305
91084
92120
92276
92863
93957
94671
94992
95815
95939
96487
96747
98150
99899
101121
101356
101523
102048
102308
102630
102854
103109
104205
104522
104704
105334
105586
106012
106649
107106
107387
107654
107973
109376
109634
109780
109915
110041
110150
110312
110451
111033
111440
112138
112940
113259
114764
116284
117279
117868
118379
118543
119300
120186
120364
121025
121845
122077
122393
123265
123462
123623
123757
124447
124685
125016
125216
125358
125736
126169
126398
126605
126912
127238
127416
127650
127970
128196
128485
128983
129100
129218
130502
131107
131345
132647
132970
134075
134406
134627
135616
136541
136679
137354
137471
137854
138387
138504
139046
139810
140039
140892
141170
141705
142311
143234
143601
144700
145655
145774
147025
147753
148130
148651
148774
148915
149417
150177
150385
150564
151211
152327
152774
153039
154618
154867
155013
155490
155881
156098
156710
156951
157206
157362
157960
159144
159457
159681
160409
161194
161409
161888
162531
163156
164223
165138
169424
169554
170024
170771
170893
171176
171410
171811
172164
173788
173851
174343
175028
177883
178551
178984
179526
179669
180263
180371
180578
181036
181301
181765
182881
183403
184071
184391
184911
187159
187599
189951
190012
190829
192687
192922
193086
193616
194260
194405
194537
195301
196568
196700
197623
198014
198284
199230
200978
202509
203407
204035
204199
206160
206400
206937
208026
208805
209039
209507
211413
212393
213394
216105
216795
218978
220615
221589
223101
223562
223698
223891
224088
224340
224551
224984
225635
225851
226141
226449
226580
226705
226788
226975
227818
228025
228192
229093
229252
229641
229829
230116
230342
230744
230953
231054
231997
232799
232954
234302
234434
234904
235304
236988
238187
238389
238525
239462
240755
241688
242630
243231
243422
243617
243755
243884
244130
244311
244958
245176
245416
245668
245828
246136
246278
246507
246740
246818
247020
247234
247697
248277
248426
249189
249359
249503
249956
250190
250359
250517
250854
250987
251327
251467
251863
251991
252240
252433
252580
252713
253177
253297
253495
253982
254117
254250
254515
254845
255084
255269
255529
255726
255831
255954
256093
256333
256627
256796
257249
257651
257866
258088
258175
258307
258517
258708
258873
259074
259285
259847
260038
260235
260402
260590
261000
261216
261369
261504
261748
262059
262348
262463
262674
262827
263042
263519
264142
264857
265145
265273
265403
266809
266998
267096
267350
267908
268381
268530
268836
269285
269399
269454
269679
270472
270867
270924
271113
271372
271570
271624
271858
272067
272211
272513
272788
273225
273335
273952
274156
275062
275228
275419
275536
275602
275803
275936
276368
276493
276674
277054
277520
278029
278138
278937
279007
279286
279430
279544
279910
280407
280640
280934
281119
281371
281970
282201
282374
282508
282823
283069
283237
283460
283615
283731
283867
284109
284333
284599
285008
285136
285315
285491
285625
285755
286105
286309
286552
286799
287008
287202
287484
287819
288306
288475
288741
288961
289080
289355
289512
289711
290000
290143
290379
290556
290725
291051
291253
291748
291960
292139
292632
292755
292860
293006
293280
293609
293937
294136
294203
294539
294922
295136
295402
295548
295738
295989
296169
296308
296434
296558
296840
296986
297095
297231
297447
297919
298175
298560
298682
298800
299291
299459
299618
300121
300277
300761
300970
301134
301498
301626
301747
302146
302290
302432
302804
303377
303932
304495
304839
305024
305158
305737
305985
306272
306613
307030
307298
307508
308083
308414
308585
309470
309998
310256
310749
311054
311533
311822
312235
312427
312621
312894
313103
313218
313278
313411
314119
314276
314408
314520
314643
315084
315323
315479
315692
316038
316151
316262
316480
316679
316846
317075
317220
317480
317725
318015
318172
318416
318682
318832
319005
319223
319497
319722
319875
320141
320365
320430
320775
320970
321220
321667
321892
322034
322168
322304
322444
322585
322902
323098
323415
323581
323755
323897
324013
324274
324537
324702
324834
325044
325282
325433
325598
325673
325838
325974
326308
326444
326740
326987
327174
327639
327792
327940
328671
329292
329586
329729
329849
330046
330179
330470
330969
331218
331593
331903
332116
332411
332842
332950
333167
333809
334878
335566
336180
336307
336762
338521
340296
340410
340836
342880
343615
344247
344371
344509
348153
349361
350412
350557
350667
351118
351507
354095
355472
355833
357326
358733
359426
359931
360317
360692
362379
362547
363582
363727
363842
364502
365744
365970
367459
367584
367747
368160
368491
368833
369048
370905
371330
371781
372069
372794
373013
373116
373286
373876
373974
374110
374248
374821
376377
376625
377561
377825
378061
378439
378976
379203
379827
380081
380331
380481
380910
381130
381587
381809
381961
382247
382552
382871
383280
383465
383597
383828
384555
384749
385055
385339
385947
386335
386601
386878
387444
387695
388148
388356
388583
388915
389290
390790
391023
391335
391654
392184
392375
392762
393730
393903
394138
394510
394703
394980
395186
395788
396029
396822
397326
397642
397968
398310
398483
399027
399318
399590
400045
400335
400529
400718
401039
401233
401537
401853
402660
402985
403310
403454
403675
403941
404078
404601
404828
404972
405242
405768
406104
406703
406931
407196
407421
407654
407962
408489
408678
408884
409134
409255
409395
409772
409979
410188
410457
410688
410956
411185
411332
411568
411860
412518
412790
412935
413252
413918
414124
414567
414808
415802
416019
416143
416340
416470
416633
417381
417684
417922
418301
418514
418788
419025
419402
419648
419802
419881
420703
421013
421185
421883
422137
422976
424583
424741
424929
425798
426010
426219
426278
426869
427178
428127
428402
428677
429035
429313
430036
430352
430775
431085
431301
431446
431574
432078
432628
433516
434349
434559
435083
435277
435775
435991
437109
437346
437676
437761
437893
438028
438167
438434
438666
439236
439372
439707
439924
440089
440344
440651
440890
441106
441724
441997
442192
443108
443634
444257
444354
445202
445916
446214
446480
447182
448085
448594
449368
451232
451361
451777
452619
452758
453119
453363
453837
455620
455834
457116
457353
457468
457948
458182
458347
458468
458580
458704
459224
459433
459855
460244
460423
460577
461389
461873
462151
462279
462437
462900
463039
463166
464018
464165
464369
464934
465188
465616
465961
466130
467094
467433
467634
468077
468399
468736
469008
469255
469534
469787
470050
470213
470675
470943
471519
471797
472169
472523
472799
473646
473785
475048
476457
477794
478412
480199
480597
481142
482051
482600
483319
483504
483650
483866
484496
484631
484860
485379
485663
485908
486959
487187
488319
489017
489476
490300
490446
490904
491396
492245
492531
493256
493527
493681
494324
494624
494855
495387
495682
495916
496476
496729
497452
497726
497969
498165
498411
498616
499370
499687
499856
500097
500303
500468
501331
502054
502251
503058
503265
504320
504535
504712
505384
505530
505675
505842
506058
506317
506531
506673
506816
507084
507239
507470
507705
508081
509141
509925
510711
511337
511817
512218
513483
513666
515910
517220
517494
518079
518988
520034
520190
520320
521295
522217
522916
523246
523509
524374
524626
524776
525602
525908
526447
526561
528075
528484
529283
529611
529845
529987
530492
530733
530882
531025
531156
531390
531620
531988
532197
532422
532667
532863
533184
533480
534211
534660
534983
535183
535350
535457
535889
537109
537357
537659
537998
538229
538563
538794
539100
539209
539537
540749
541099
541253
546239
548158
549208
549784
549886
553923
556407
558447
559054
559701
561306
561483
561824
562141
562351
562754
562927
563559
563852
564457
564996
565161
565372
565574
566117
566425
567039
567405
567605
568386
569141
570766
571289
572273
573431
576633
578175
578666
578793
578858
578976
583016
584637
586081
589891
590857
592651
596741
596860
599471
599591
599963
601811
603021
603742
607949
611086
612156
619200
620240
621204
622482
622712
624028
624141
624204
629883
632835
636231
644749
646630
