1
230
467
708
946
1189
1432
1672
1904
2147
2394
2637
2875
3114
3355
3596
3841
4085
4325
4563
4807
5060
5304
5544
5784
6025
6268
6515
6754
6992
7229
7472
7710
7950
8182
8421
8656
8900
9142
9376
9612
9852
10099
10339
10577
10811
11046
11280
11521
11769
12001
12238
12476
12723
12962
13205
13443
13687
13926
14171
14421
14664
14903
15147
15396
15641
15878
16119
16358
16600
16844
17089
17327
17563
17806
18052
18294
18533
18771
19010
19252
19501
19739
19982
20219
20465
20710
20955
21193
21436
21676
21928
22178
22421
22660
22904
23152
23394
23632
23872
24111
24348
24590
24836
25071
25307
25547
25793
26029
26268
26505
26746
26985
27227
27468
27707
27946
28191
28440
28680
28914
29151
29393
29635
29877
30116
30355
30596
30841
31088
31332
31568
31805
32044
32287
32531
32770
33010
33243
33484
33726
33966
34199
34434
34670
34912
35156
35396
35635
35871
36113
36355
36595
36830
37065
37302
37541
37784
38017
38256
38489
38731
38968
39207
39440
39673
39909
40150
40390
40627
40862
41097
41335
41573
41813
42044
42274
42508
42745
42984
43218
43456
43688
43930
44171
44413
44649
44889
45128
45374
45620
45860
46100
46342
46587
46828
47068
47307
47545
47784
48025
48269
48506
48747
48991
49240
49477
49716
49953
50198
50436
50681
50920
51161
51394
51636
51880
52120
52354
52591
52832
53076
53324
53567
53808
54043
54283
54532
54771
55005
55238
55477
55716
55958
56198
56438
56675
56920
57164
57407
57646
57889
58127
58370
58613
58849
59086
59324
59565
59803
60038
60272
60508
60744
60986
61228
61464
61701
61939
62188
62429
62668
62901
63137
63372
63614
63856
64089
64323
64563
64810
65051
65289
65529
65768
66007
66248
66494
66729
66965
67200
67444
67680
67914
68145
68380
68612
68851
69093
69328
69562
69796
70043
70282
70520
70757
70992
71226
71465
71709
71944
72175
72408
72649
72885
73123
73358
73594
73830
74069
74312
74547
74785
75023
75271
75509
75746
75983
76224
76467
76711
76957
77199
77436
77680
77931
78173
78413
78653
78897
79137
79380
79625
79868
80105
80349
80598
80841
81078
81321
81566
81814
82062
82303
82543
82785
83039
83282
83526
83764
84001
84238
84479
84727
84966
85204
85446
85694
85935
86175
86415
86658
86896
87139
87382
87627
87861
88102
88346
88586
88818
89067
89293
89534
89772
90011
90248
90478
90718
90961
91197
91426
91659
91899
92140
92380
92617
92853
93089
93332
93576
93812
94042
94275
94511
94748
94986
95216
95452
95683
95927
96167
96405
96637
96871
97105
97341
97579
97814
98044
98271
98503
98742
98972
99199
99426
99660
99886
100119
100351
100580
100803
101033
101267
101494
101720
101943
102164
102384
102609
102831
103051
103271
103487
103711
103940
104158
104375
104597
104824
105045
105273
105506
105730
105957
106182
106416
106647
106876
107090
107324
107506
107714
107823
107929
108054
108181
108300
108679
108913
109333
109458
109560
109670
109780
109981
110093
110195
110299
110519
110752
110975
111199
111426
111662
111891
112121
112349
112581
112811
113048
113286
113518
113750
113946
114216
114452
114684
114910
115140
115370
115602
115836
116066
116295
116520
116753
116992
117223
117451
117683
117922
118155
118392
118627
118860
119088
119327
119564
119797
120024
120255
120490
120722
120958
121196
121430
121661
121903
122150
122387
122619
122854
123094
123330
123568
123805
124043
124274
124511
124754
124991
125226
125463
125702
125943
126188
126434
126676
126913
127158
127407
127649
127890
128130
128370
128616
128866
129108
129349
129596
129848
130092
130333
130573
130829
131058
131301
131541
131776
132008
132242
132483
132716
132950
133183
133421
133654
133897
134143
134378
134612
134853
135101
135339
135573
135806
136044
136277
136515
136754
136985
137214
137450
137692
137923
138156
138388
138623
138852
139092
139331
139566
139795
140030
140272
140504
140738
140972
141205
141436
141674
141917
142149
142382
142616
142859
143092
143330
143563
143798
144031
144271
144514
144746
144979
145214
145457
145693
145926
146158
146391
146623
146863
147101
147332
147565
147799
148042
148276
148509
148740
148972
149206
149441
149679
149908
150140
150371
150608
150842
151076
151303
151536
151766
152002
152237
152471
152703
152932
153166
153404
153638
153865
154095
154326
154557
154791
155023
155255
155482
155717
155956
156188
156885
157119
157356
157590
157822
158050
158287
158524
158755
158981
159211
159442
159672
159905
160139
160365
160592
160824
161064
161292
161523
161754
161984
162213
162448
162687
162913
163141
163371
163608
163838
164071
164297
164525
164751
164986
165222
165452
165684
165915
166151
166386
166621
166850
167081
167312
167546
167783
168013
168244
168471
168706
168942
169175
169403
169634
169869
170102
170339
170572
170805
171032
171268
171505
171739
171963
172193
172424
172653
172888
173122
173350
173580
173815
174058
174291
174524
174755
174989
175221
175457
175695
175922
176152
176384
176621
176852
177086
177316
177548
177777
178014
178254
178486
178719
178950
179186
179421
179655
179882
180107
180335
180566
180799
181027
181259
181483
181717
181955
182184
182410
182639
182873
183103
183336
183568
183798
184024
184258
184495
184722
184949
185181
185414
185646
185882
186121
186351
186582
186815
187056
187287
187521
187749
187978
188205
188438
188669
188892
189117
189338
189568
189797
190026
190245
190467
190692
190919
191146
191375
191597
191817
192044
192275
192498
192723
192947
193171
193396
193627
193863
194088
194318
194549
194789
195021
195255
195486
195718
195947
196184
196418
196646
196877
197107
197344
197579
197813
198043
198274
198510
198749
198989
199222
199459
199695
199937
200176
200416
200648
200881
201126
201351
201592
201821
202055
202283
202519
202755
202993
203223
203455
203688
203929
204170
204407
204641
204875
205113
205353
205590
205821
206051
206285
206520
206757
206988
207221
207451
207689
207927
208165
208394
208626
208862
209100
209341
209575
209811
210046
210288
210531
210767
210996
211228
211464
211704
211943
212175
212411
212645
212886
213128
213365
213595
213828
214065
214303
214542
214773
215009
215238
215476
215715
215951
216178
216410
216644
216879
217115
217352
217586
217818
218052
218294
218526
218757
218988
219223
219455
219691
219926
220165
220395
220631
220871
221106
221339
221577
221818
222052
222290
222530
222767
223000
223237
223479
223713
223944
224176
224412
224644
224878
225115
225348
225578
225812
226055
226289
226519
226746
226979
227207
227441
227674
227902
228126
228357
228594
228825
229053
229280
229510
229737
229973
230210
230439
230695
230897
231137
231367
231600
231830
232057
232285
232519
232758
232987
233220
233451
233692
233928
234166
234398
234633
234867
235080
235347
235583
235817
236052
236290
236523
236757
236990
237224
237461
237700
237943
238182
238425
238668
238918
239159
239403
239641
239886
240121
240365
240606
240843
241077
241315
241559
241796
242033
242272
242513
242751
242993
243236
243475
243711
243949
244196
244434
244669
244904
245145
245380
245620
245858
246098
246331
246573
246818
247057
247293
247531
247772
248012
248254
248494
248733
248968
249210
249453
249693
249929
250164
250404
250647
250892
251129
251369
251605
251848
252091
252333
252568
252802
253039
253284
253529
253768
254007
254245
254490
254734
254975
255210
255447
255683
255927
256172
256409
256645
256882
257128
257368
257607
257841
258079
258313
258555
258799
259035
259269
259509
259758
259998
260239
260479
260724
260962
261205
261449
261688
261921
262163
262411
262652
262888
263124
263367
263612
263856
264095
264333
264571
264816
265061
265300
265533
265767
266003
266245
266485
266721
266957
267193
267438
267681
267922
268161
268399
268635
268879
269124
269361
269596
269831
270078
270316
270553
270788
271024
271257
271498
271738
271975
272207
272445
272689
272925
273157
273391
273631
273867
274107
274344
274582
274812
275051
275293
275525
275752
275985
276221
276455
276690
276927
277157
277386
277620
277860
278092
278322
278551
278785
279013
279248
279482
279710
279937
280164
280400
280633
280865
281088
281316
281543
281777
282010
282240
282469
282697
282931
283167
283399
283624
283849
284081
284311
284543
284772
285002
285227
285460
285697
285927
286155
286385
286619
286850
287081
287316
287543
287771
288000
288234
288458
288684
288912
289136
289361
289587
289820
290048
290275
290501
290732
290968
291200
291423
291652
291885
292116
292346
292578
292809
293034
293266
293500
293732
293959
294193
294430
294663
294902
295142
295377
295610
295846
296130
296322
296563
296792
297025
297263
297498
297736
297967
298205
298441
298686
298922
299162
299399
299643
299882
300118
300364
300602
300835
301071
301318
301559
301786
302017
302254
302498
302737
302974
303207
303445
303693
303937
304177
304404
304644
304884
305128
305366
305596
305838
306073
306315
306553
306798
307031
307267
307502
307749
307995
308233
308469
308711
308959
309196
309436
309673
309913
310148
310388
310634
310873
311109
311349
311599
311840
312075
312311
312558
312803
313045
313284
313521
313761
314002
314247
314484
314723
314961
315203
315447
315688
315929
316171
316410
316656
316902
317153
317392
317633
317874
318128
318379
318624
318864
319113
319368
319617
319856
320098
320347
320594
320843
321090
321337
321581
321833
322084
322331
322579
322823
323066
323312
323566
323807
324050
324287
324543
324790
325038
325278
325524
325768
326012
326258
326499
326742
326990
327244
327489
327724
327961
328201
328448
328690
328932
329177
329412
329658
329902
330143
330377
330615
330855
331097
331337
331568
331808
332038
332279
332515
332754
332984
333216
333447
333688
334062
334242
334396
334631
334873
335110
335356
335589
335823
336059
336301
336545
336782
337022
337259
337507
337747
337990
338231
338481
338721
338964
339208
339452
339692
339940
340187
340427
340654
340896
341141
341382
341623
341857
342101
342336
342583
342831
343078
343314
343551
343785
344033
344279
344514
344748
344980
345227
345465
345704
345936
346169
346409
346655
346901
347138
347377
347614
347857
348100
348344
348817
349052
349296
349539
349774
350006
350243
350491
350733
350968
351207
351448
351686
351929
352171
352408
352640
352877
353121
353359
353592
353822
354061
354294
354534
354774
355007
355239
355477
355728
355965
356200
356433
356679
356912
357151
357385
357622
357848
358091
358332
358568
358796
359030
359271
359506
359742
359981
360219
360449
360682
360924
361156
361393
361627
361862
362094
362334
362579
362818
363049
363290
363543
363786
364021
364260
364504
364752
364997
365239
365481
365725
365975
366222
366463
366707
366952
367199
367445
367696
367944
368189
368436
368693
368939
369184
369429
369678
369921
370172
370418
370666
370904
371153
371409
371660
371903
372151
372400
372655
372912
373158
373401
373656
373916
374163
374405
374652
374902
375148
375397
375643
375886
376127
376378
376626
376874
377116
377361
377605
377852
378101
378344
378580
378829
379081
379324
379562
379807
380053
380302
380553
380796
381046
381293
381549
381799
382049
382295
382545
382792
383047
383300
383553
383795
384051
384307
384561
384807
385054
385302
385555
385814
386063
386306
386556
386815
387065
387313
387560
387812
388063
388320
388571
388822
389069
389331
389585
389840
390088
390344
390596
390854
391110
391361
391607
391867
392126
392377
392624
392873
393125
393378
393634
393882
394129
394383
394644
394893
395136
395385
395637
395890
396143
396391
396639
396887
397144
397395
397643
397892
398143
398390
398643
398900
399152
399399
399653
399911
400164
400413
400661
400909
401162
401421
401673
401918
402173
402432
402685
402932
403185
403438
403696
403954
404205
404455
404708
404970
405224
405472
405721
405974
406229
406486
406739
406991
407239
407507
407767
408026
408275
408531
408784
409044
409298
409549
409798
410060
410319
410575
410828
411083
411338
411599
411860
412116
412367
412626
412886
413139
413391
413640
413887
414140
414395
414647
414896
415151
415409
415665
415912
416165
416416
416672
416934
417185
417434
417692
417951
418205
418447
418698
418950
419206
419467
419720
419973
420229
420498
420753
421006
421258
421516
421772
422034
422285
422537
422787
423050
423306
423559
423813
424068
424326
424588
424849
425107
425358
425621
425878
426132
426384
426636
426887
427146
427402
427655
427906
428167
428424
428682
428934
429192
429443
429703
429960
430215
430464
430722
430982
431237
431489
431741
431996
432220
432508
432691
432997
433258
433524
433780
434028
434279
434531
434789
435047
435299
435550
435805
436070
436327
436580
436836
437096
437356
437618
437877
438134
438390
438655
438913
439165
439419
439678
439930
440190
440443
440698
440953
441216
441472
441727
441983
442243
442500
442758
443016
443272
443527
443794
444052
444308
444561
444822
445081
445343
445598
445850
446104
446373
446629
446882
447136
447396
447654
447919
448175
448432
448687
448956
449213
449469
449725
449981
450238
450504
450769
451031
451294
451563
451826
452087
452347
452610
452874
453139
453400
453660
453924
454195
454457
454713
454974
455239
455505
455773
456035
456291
456556
456823
457084
457337
457596
457855
458115
458381
458636
458893
459155
459427
459690
459954
460217
460479
460747
461015
461279
461536
461805
462073
462340
462599
462866
463128
463397
463663
463929
464191
464461
464724
464982
465243
465505
465762
466024
466281
466541
466799
467066
467327
467586
467849
468117
468380
468648
468909
469172
469433
469700
469959
470214
470472
470732
470994
471257
471516
471773
472033
472303
472561
472817
473069
473331
473591
473852
474109
474362
474617
474883
475137
475392
475646
475908
476167
476426
476685
476939
477196
477458
477717
477970
478226
478483
478737
478951
479243
479499
479754
480017
480273
480530
480783
481047
481301
481562
481818
482076
482329
482597
482853
483110
483362
483598
483871
484132
484390
484642
484898
485160
485419
485672
485925
486181
486434
486693
486949
487204
487454
487717
487977
488238
488493
488755
489013
489281
489544
489808
490066
490334
490599
490857
491115
491375
491636
491897
492157
492366
492667
492935
493195
493448
493705
493964
494224
494487
494745
495003
495259
495527
495785
496040
496299
496558
496819
497082
497342
497598
497855
498123
498386
498643
498899
499158
499418
499681
499939
500195
500448
500716
500972
501232
501485
501747
502006
502267
502528
502784
503042
503311
503571
503829
504092
504357
504622
504891
505156
505423
505693
505966
506233
506497
506765
507033
507302
507577
507846
508109
508380
508651
508917
509176
509443
509706
509973
510241
510506
510766
511037
511304
511565
511826
512089
512348
512612
512872
513131
513385
513650
513908
514166
514420
514683
514936
515165
515459
515719
515974
516237
516495
516751
517003
517259
517513
517773
518032
518291
518549
518818
519081
519343
519607
519873
520138
520409
520671
520932
521194
521466
521728
521983
522242
522502
522766
523033
523295
523552
523819
524093
524315
524625
524888
525154
525419
525693
525920
526271
526358
526585
526696
526778
526882
526991
527099
527200
527306
527404
527507
528085
528337
528575
528821
529056
529325
529613
529872
530415
530597
530692
530899
531090
531395
531718
531905
532014
532187
532446
532708
532974
533241
533508
533773
534035
534256
534572
534835
535092
535358
535619
535885
536144
536403
536663
536935
537199
537455
537714
537976
538239
538500
538757
539012
539269
539537
539795
540051
540310
540574
540839
541109
541370
541635
541902
542177
542443
542699
542961
543223
543487
543754
544014
544270
544537
544807
545072
545326
545587
545853
546118
546389
546647
546905
547171
547439
547702
547958
548223
548485
548756
549025
549294
549554
549828
550102
550369
550638
550906
551173
551447
551717
551983
552250
552527
552799
553063
553332
553599
553866
554145
554411
554675
554945
555212
555476
555733
555996
556253
556516
556776
557036
557296
557563
557828
558091
558356
558626
558893
559163
559429
559696
559958
560233
560495
560755
561013
561277
561540
561809
562068
562326
562591
562861
563127
563383
563645
563907
564175
564443
564706
564963
565232
565498
565764
566023
566287
566554
566823
567092
567359
567623
567896
568165
568434
568699
568970
569233
569503
569767
570031
570292
570565
570831
571087
571351
571612
571882
572150
572412
572672
572938
573212
573475
573734
573995
574261
574526
574795
575059
575318
575587
575860
576128
576389
576657
576919
577188
577457
577720
577981
578248
578512
578773
579035
579298
579560
579825
580089
580354
580616
580885
581147
581408
581667
581932
582191
582456
582714
582975
583233
583501
583763
584018
584279
584544
584808
585075
585335
585596
585857
586129
586393
586651
586911
587174
587439
587710
587972
588232
588502
588775
589047
589308
589573
589837
590104
590370
590634
590890
591159
591421
591682
591942
592205
592469
592735
593001
593267
593534
593810
594077
594340
594587
594871
595137
595407
595666
595928
596193
596467
596732
596992
597259
597523
597797
598066
598332
598593
598863
599133
599395
599653
599916
600179
600447
600712
600977
601241
601516
601782
602049
602314
602585
602854
603125
603388
603651
603914
604186
604452
604711
604978
605240
605509
605730
606040
606300
606541
606830
607092
607348
607605
607862
608123
608388
608643
608899
609165
609432
609694
609950
610210
610469
610736
611001
611262
611517
611784
612051
612313
612571
612830
613090
613354
613621
613884
614140
614407
614671
614936
615196
615456
615715
615982
616198
616507
616763
617030
617290
617550
617806
618069
618332
618595
618861
619126
619391
619661
619928
620190
620454
620722
620987
621254
621515
621779
622045
622317
622583
622846
623113
623378
623650
623922
624189
624450
624721
624992
625259
625519
625783
626046
626312
626576
626839
627099
627372
627633
627896
628155
628421
628687
628954
629216
629479
629742
630014
630274
630532
630795
631058
631324
631589
631851
632111
632379
632648
632911
633169
633432
633693
633958
634224
634483
634741
635005
635274
635533
635789
636051
636315
636585
636850
637116
637378
637650
637914
638178
638435
638699
638960
639224
639484
639743
640003
640274
640541
640803
641068
641337
641608
641878
642145
642410
642678
642953
643217
643477
643740
644003
644273
644540
644807
645070
645345
645617
645884
646145
646413
646680
646947
647211
647474
647737
648009
648273
648535
648796
649062
649328
649597
649859
