1
58
251
473
867
1082
1299
1587
1819
2029
2250
2509
2750
2987
3247
3465
3675
4152
4382
4596
4826
5125
5363
5632
5829
6093
6364
6741
6948
7187
7415
7618
7843
8400
8669
8877
9104
9417
9678
9900
10248
10499
10750
10953
11428
11671
11924
12168
12376
12790
13017
13202
13453
13724
13978
14198
14451
14668
14954
15186
15414
15642
15875
16126
16352
16607
16846
17260
17522
17787
18054
18259
18514
18748
18978
19356
19556
19768
20034
20275
20512
20693
21048
21247
21445
21639
21840
22084
22357
22619
22877
23185
23439
23692
23939
24194
24432
24701
24968
25194
25391
25847
26104
26310
26516
26780
27111
27366
27581
27827
28099
28333
28620
28887
29136
29414
29662
29910
30205
30449
30684
30956
31151
31425
31637
31917
32152
32341
32553
32806
33084
33338
33606
33871
34131
34380
34607
34801
35071
35695
35915
36167
36420
36644
36889
37121
37330
37611
37876
38134
38370
38603
38852
39067
39342
39557
39836
40112
40328
40538
40778
41047
41301
41566
41816
42049
42289
42489
42681
42919
43116
43346
43550
43801
44133
44372
44684
45052
45514
45982
46236
46667
47112
47357
47828
48100
48837
49089
49316
49518
49997
50289
50559
50812
51058
51324
51521
51814
52085
52369
52613
52920
53169
53421
53666
53965
54245
54553
54782
54999
55234
55544
55796
56060
56310
56599
56872
57128
57372
57600
57853
58093
58362
58573
58839
59067
59401
59610
59880
60119
60361
60566
60764
61018
61273
61528
61792
62020
62252
62475
62711
62980
63210
63479
63717
63947
64219
64469
64769
64992
65239
65520
65809
66041
66304
66625
66823
67081
67332
67573
67838
68118
68363
68567
68821
69080
69305
69525
69752
70016
70291
70536
70793
71027
71283
71507
71729
71936
72568
72794
73017
73225
73464
73712
73993
74251
74470
74830
75071
75276
75479
75956
76224
76448
76687
76899
77152
77351
77541
77798
78036
78277
78522
78767
78989
79167
79477
79719
79958
80213
80462
80903
81186
81387
81476
81645
81876
82099
82393
82664
82920
83133
83395
83667
83917
84121
84321
84524
84788
85061
85225
85323
85577
85815
86078
86313
86538
87128
87402
87678
87888
88150
88394
88635
88857
89073
89314
89599
89898
90163
90368
90590
90857
91120
91361
91586
91838
92138
92403
92814
93012
93259
93667
93922
94185
94479
94708
95048
95281
95576
95840
96097
96397
96622
97093
97339
97578
97833
98079
98386
98564
98790
99070
99318
99572
99831
100036
100269
100556
100976
101239
101458
101658
101908
102141
102383
102646
102919
103167
103442
103653
103887
104139
104426
104725
104957
105188
105425
105705
105950
106157
106383
106822
107089
107314
107523
107734
107980
108193
108654
108837
109060
109303
109545
109765
110004
110255
110509
110767
110994
111261
111533
111765
111999
112268
112497
112704
112953
113165
113373
113612
113923
114182
114393
114590
114769
115062
115329
115561
115795
116225
116466
116700
116909
117163
117510
117761
117991
118308
118543
118788
119017
119266
119499
119978
120185
120412
120751
121056
121308
121559
121835
122082
122363
122594
122837
123071
123291
123513
123820
124052
124294
124528
124824
125095
125310
125573
125826
126121
126399
126639
126888
127163
127411
127644
127875
128134
128421
128621
128870
129308
129522
129756
130016
130275
130551
130820
131147
131503
131755
132013
132273
132536
132806
133046
133338
133633
133890
134090
134381
134643
134896
135170
135401
135645
135853
136093
136335
136664
136905
137188
137437
137681
137926
138153
138412
138665
138931
139285
139528
139778
140031
140250
140546
140830
141105
141359
141650
141920
142195
142386
142614
142866
143104
143391
143667
143938
144201
144448
144671
144919
145130
145415
145706
145939
146195
146405
146623
146836
147038
147246
147573
147833
148102
148336
148548
148782
149016
149236
149560
149828
150050
150316
150573
150821
151032
151247
151457
152604
153061
153294
153498
153756
154045
154312
154553
154776
155025
155396
155639
155905
156159
156445
156700
156937
157177
157398
157609
157822
158037
158309
158550
158949
159210
159478
159735
159936
160178
160440
160722
160981
161213
161478
161702
161934
162166
162439
162700
163128
163361
163595
163850
164222
164447
164742
165016
165283
165495
165696
165930
166190
166470
166687
166884
167128
167378
167625
167895
168197
168446
168686
168953
169220
169450
169715
170054
170472
170857
171118
171381
171593
171829
172099
172360
172572
172817
173042
173291
173595
173845
174188
174591
174842
175109
175371
175605
175907
176169
176405
176604
176964
177146
177401
177704
177984
178233
178493
178747
178936
179274
179501
179937
180190
180453
180681
180966
181214
181442
181644
181866
182160
182454
182749
182984
183196
183434
183684
183948
184224
184452
184720
184967
185195
185461
185701
185888
186186
186470
186728
186974
187200
187406
187645
187891
188128
188385
188676
188913
189196
189456
189678
189969
190211
190431
190679
190941
191207
191491
191764
192037
192277
192503
192781
193066
193301
193547
193765
193978
194427
194931
195172
195399
195658
195921
196138
196335
196589
196846
197104
197375
197604
198077
198292
198736
198958
199207
199445
199710
199941
200203
200447
200693
200920
201289
201526
201796
202038
202483
202700
202926
203175
203398
203668
203947
204187
204398
204624
204874
205139
205358
205579
205803
206068
206319
206573
206788
207031
207235
207474
207789
208062
208326
208599
208876
209119
209340
209588
209845
210171
210421
210678
210948
211205
211440
211783
212030
212253
212503
212797
213154
213466
213742
214001
214222
214481
214794
215059
215289
215487
215718
216023
216417
216658
217080
217295
217847
218047
218667
218922
219163
219416
219872
220087
220279
220445
220678
220961
221238
221518
221787
221995
222252
222452
222666
223260
223513
223760
224024
224264
224481
224735
224999
225218
225478
225733
226042
226320
226564
226816
227078
227371
227607
227943
228155
228409
228671
228900
229097
229333
229589
229859
230102
230311
230529
230725
230977
231194
231385
231784
232017
232243
232492
232687
232881
233104
233352
233612
233877
234116
234377
234622
234866
235060
235268
235502
235860
236410
236703
237000
237230
237466
237713
237966
238281
238559
238810
239046
239281
239517
239746
239935
240173
240411
240645
240934
241204
241436
241667
241917
242119
242570
242846
243150
243411
243635
243836
244123
244382
244598
244897
245134
245339
245593
245818
246284
246513
246783
247113
247347
247669
247928
248211
248641
248886
249215
249480
249697
249985
250220
250458
250710
250955
251206
251500
251746
252002
252237
252481
252719
252969
253211
253457
253701
253925
254186
254431
254649
254912
255144
255458
255736
255971
256180
256455
256722
256943
257173
257428
257662
257908
258176
258407
258649
258876
259120
259376
259607
259818
260065
260330
260576
260802
261026
261280
261531
261723
261947
262159
262538
262936
263200
263415
263670
263943
264225
264504
264752
265015
265217
265449
265668
265912
266254
266509
266729
266982
267225
267539
267796
268120
268394
268610
268894
269131
269407
269627
269877
270123
270364
270573
270820
271138
271387
271621
271847
272087
272322
272556
272802
273034
273328
273563
273939
274200
274461
274755
275028
275265
275565
275820
276041
276258
276542
276798
277061
277312
277521
277851
277985
278200
278423
278678
278925
279168
279394
279588
279824
280337
280749
280998
281256
281501
281760
281990
282223
282496
282705
282966
283179
283399
283681
283947
284238
284534
284815
285069
285289
285519
285848
286040
286287
286559
286823
287059
287448
287623
287855
288093
288305
288754
289381
289608
289842
290125
290391
290640
290844
291139
291444
291677
291916
292196
292445
292781
293039
293286
293521
293780
293995
294262
294499
294754
295048
295312
295571
295798
296033
296284
296565
296828
297107
297336
297566
297763
298134
298330
298596
298811
299424
299690
299959
300223
300463
300717
300973
301176
301430
301686
301948
302199
302467
302697
302910
303152
303401
303631
303961
304182
304416
304658
304934
305190
305413
305686
305913
306391
306544
306776
307021
307277
307541
307815
308070
308321
308533
308866
309088
309335
309590
309829
310083
310353
310608
310872
311299
311630
311884
312115
312367
312605
312835
313080
313333
313557
313830
314097
314384
314620
314844
315102
315327
315561
315844
316094
316268
316666
316912
317174
317475
317707
317955
318164
318406
318621
318885
319142
319391
319638
319882
320140
320386
320660
320949
321128
321366
321653
321878
322110
322421
322694
322901
323162
323482
323717
323963
324195
324443
324659
324901
325102
325413
325652
325850
326102
326304
326530
327015
327278
327505
327759
327996
328229
328493
328819
329086
329324
329565
329781
330001
330220
330419
330664
330877
331105
331385
331673
331903
332157
332399
332612
332889
333111
333407
333856
334075
334306
334569
334819
335190
335426
335674
335967
336216
336460
336745
336948
337349
337607
337901
338155
338437
338656
338879
339121
339359
339860
340136
340356
340779
341005
341224
341451
341637
341899
342166
342414
342608
342851
343095
343424
343643
343881
344104
344344
344574
344826
345088
345350
345586
345777
345987
346159
346245
346522
346748
346912
347165
347394
347615
347808
348036
348549
348779
349055
349270
349967
350208
350646
350917
351161
351372
351639
351910
352116
352368
352599
352906
353143
353398
353652
353886
354154
355673
355891
356138
356366
356607
356846
358136
358389
358610
358817
359552
360930
362073
362608
362856
363631
363913
364418
365134
366091
366775
367669
367886
368240
368941
370618
371172
371644
372460
372720
373469
373733
373908
376063
376332
377946
379561
380109
380262
380511
380807
382116
382614
382883
383741
384279
384529
384951
386865
387759
388202
388396
388772
388960
389936
390311
390495
390850
391245
392298
392884
393389
393966
394184
395503
395676
396540
397598
397993
398468
399356
399927
400693
401039
401312
401572
401940
402176
402469
402761
403017
403278
403547
403777
404015
404219
404443
404734
405006
405275
405547
405828
406030
406271
406554
406823
407161
407383
407601
407802
408009
408300
408590
408823
409047
409308
409572
409802
410071
410325
410604
410884
411112
411341
411750
412020
412303
412512
412815
413093
413310
413524
413797
414055
414322
414564
414786
415028
415238
415520
415771
415974
416203
416470
416705
416942
417390
417643
417944
418180
418429
418882
419143
419370
419599
419861
420120
420407
420654
420922
421164
421428
421738
421956
422235
422509
422764
423055
423330
423578
423859
424132
424415
424612
424884
425142
425367
425585
426025
426266
426856
427101
427355
427605
427852
428092
428244
428577
428842
429093
429307
429516
429734
429928
430152
430447
430716
431001
431322
431549
431763
432001
432221
432540
432786
433057
433333
433604
433853
434087
434335
434617
434890
435092
435367
435573
435805
436039
436289
436642
436881
437140
437405
437647
437896
438150
438403
438659
438880
439103
439391
439719
439940
440157
440368
440798
441012
441264
441527
441760
442058
442303
442519
442748
443001
443255
443481
443739
443986
444257
444512
444747
444958
445160
445715
445879
446169
446553
446783
447004
447233
447486
447730
447977
448233
448514
448809
449076
449299
449530
449797
450084
450356
450580
450829
451242
451497
451717
451960
452203
452459
452730
452958
453217
453428
453685
453950
454243
454491
454954
455192
455489
456106
456363
456738
456976
457202
457413
457619
457871
458107
458339
458556
458795
459030
459265
459496
459716
459913
460116
460559
460751
461030
461298
461528
461785
462276
462544
462946
463210
463447
463720
463984
464247
464467
464777
465088
465303
465549
465817
466073
466343
466548
466780
467004
467249
467471
467717
468107
468377
468615
468857
469144
469439
469712
469979
470236
470474
470666
470886
471108
471341
471587
471881
472197
472425
472614
472823
473067
473289
473493
473755
474032
474268
474514
474748
474969
475210
475450
475667
475916
476171
476408
476616
476868
477101
477327
477682
477930
478247
478476
478726
478950
479200
479406
479637
479880
480214
480397
480674
481003
481268
481487
481706
481920
482121
482363
482666
482960
483415
483650
483861
484074
484295
484516
484772
484995
485308
485579
485835
486067
486295
486572
486790
487047
487274
487539
487773
487997
488322
488539
488774
488994
489259
489489
489779
490037
490275
490504
490730
491012
491325
491664
491907
492177
492409
492782
493059
493538
493803
494057
494279
494518
494766
494990
495201
495497
495852
496182
496450
496656
497109
497349
497598
497851
498227
498440
498714
498959
499210
499430
499636
499870
500098
500341
500607
500867
501116
501376
501572
501823
502088
502340
502563
502782
503030
503216
503423
503644
503880
504106
504366
504628
504858
505115
505403
505699
505901
506121
506382
506609
506830
507340
507589
507817
508068
508276
508525
508788
509119
509359
509580
509795
510026
510275
510524
510791
511059
511306
511536
511766
511998
512188
512559
512814
513064
513313
513606
513874
514211
514443
514714
514958
515220
515443
515825
516037
516253
516460
516709
516938
517186
517432
517699
517948
518199
518420
518677
518948
519212
519424
519679
519942
520185
520436
520686
520939
521192
521474
521727
521963
522180
522386
522631
522884
523122
523387
523651
523883
524121
524452
524654
524834
525164
525394
525655
525914
526174
526422
526659
526876
527127
527366
527567
527864
528116
528379
528583
528826
529093
529317
529552
529750
530026
530254
530507
530717
530965
531223
531440
531647
531896
532173
532426
532713
532995
533223
533445
533688
533931
534184
534513
534752
534993
535281
535581
535818
536037
536253
536535
536795
537048
537314
537580
537815
538083
538306
538592
538853
539083
539357
539573
539818
540097
540324
540554
540783
541042
541303
541601
541815
542056
542255
542494
542890
543143
543383
543607
543851
544108
544455
544682
544896
545386
545647
545872
546121
546420
546742
546960
547223
547523
547771
547997
548263
548524
548766
549024
549234
549487
549900
550154
550396
550636
551009
551248
551521
551826
552077
552544
552854
553112
553375
553637
553841
554097
554405
554684
554918
555149
555414
555728
555996
556262
556516
556785
557063
557288
557570
557814
558072
558293
558514
558752
559031
559276
559543
559775
559997
560216
560479
560732
560992
561230
561435
561741
561988
562210
562485
562652
562960
563246
563490
563720
563956
564176
564462
564692
564903
565149
565351
565567
565879
566020
566437
566723
566990
567223
567440
567639
567863
568233
568527
568873
569131
569397
569644
569866
570128
570385
570617
570847
571152
571397
571616
571887
572293
572481
572713
572916
573174
573439
573702
574078
574333
574622
574891
575093
575337
575789
576114
576321
576529
576770
577043
577246
577545
577847
578103
578331
578593
578849
579071
579263
579522
580001
580232
580478
580724
580927
581160
581448
581674
581922
582176
582457
582683
582882
583146
583528
583759
584012
584276
584524
585025
585262
585507
585741
585982
586238
586491
586734
586988
587245
587470
587678
587909
588113
588403
588546
588872
589295
589582
589837
590421
590666
590907
591139
591354
591607
591884
592090
592340
592779
593004
593288
593555
593834
594095
594362
594624
594877
595104
595384
595629
595867
596285
596586
596829
597243
597741
598202
598423
598631
599019
599441
599676
600218
600474
600695
600912
601164
601429
601681
601899
602133
602523
602759
602984
603208
603654
603945
604173
604435
604697
605013
605228
605448
605692
605941
606199
606443
606726
606985
607215
607429
607662
607914
608177
608410
608877
609103
609367
609598
609933
610200
610450
610687
610893
611154
611371
611602
611846
612164
612442
612681
612907
613140
613353
613569
613818
614070
614278
614554
614824
615109
615286
615592
615810
616050
616306
616567
616826
617102
617319
617549
617788
618081
618333
618598
618866
619117
619384
619623
619823
620083
620347
620618
620913
621127
621352
621615
621848
622086
622310
622521
622787
623066
623348
623580
623787
624165
624417
624636
625013
625299
625570
625777
626028
626263
626573
626809
627034
627312
627555
627818
628077
628330
628793
629125
629403
629631
629876
630197
630491
630725
630949
631460
631715
631944
632208
632695
633133
633270
634621
634886
635093
635375
635822
636077
636292
636553
636825
637349
637817
638062
638358
638576
638832
639371
639580
639837
640086
640302
640516
640789
641047
641283
641523
641765
642281
642510
642758
643320
643796
644017
644263
644411
644830
645070
645283
645557
645812
646026
646261
646488
646775
646986
647237
647490
647966
648244
648746
648945
649217
649759
