1
302
615
889
1207
1418
1710
1925
2208
2479
2725
3012
3231
3458
3865
4279
4581
4904
5206
5572
5849
6060
6356
6689
7120
7388
7801
8214
8449
8731
8991
9237
9544
9883
10236
10533
10793
11024
11278
11544
11809
12148
12349
12707
13014
13317
13608
13865
14142
14417
14643
14963
15232
15580
15846
16094
16363
16619
16893
17196
17470
17751
17993
18291
18568
18793
19173
19458
19826
20031
20282
20654
20946
21179
21598
21842
22049
22300
22549
22843
23054
23353
23634
23880
24231
24750
25016
25312
25516
25832
26103
26441
26653
26945
27174
27476
27988
28306
28784
29087
29355
29597
29845
30055
30379
30676
30968
31186
31455
31726
31981
32286
32634
32995
33246
33569
33850
34414
34651
35215
35453
35908
36249
36800
37052
37355
37661
37891
38183
38407
38689
38945
39236
39526
39750
40022
40329
40642
40994
41241
41499
41930
42225
42450
42894
43096
43422
43694
44025
44250
44537
44855
45197
45459
45680
45902
46133
46446
46787
47115
47440
47659
47962
48234
48511
48784
49108
49366
49582
49809
50132
50514
50743
51109
51365
51705
52019
52299
52589
52958
53278
53605
53845
54100
54304
54634
54912
55161
55428
55721
55932
56301
56581
56900
57154
57401
57701
57937
58181
58666
58954
59250
59631
59866
60195
60464
60752
61020
61351
61682
61911
62208
62439
62731
63027
63190
63582
63906
64131
64384
64698
64992
65381
65657
65963
66316
66549
66835
67104
67421
67710
67892
68211
68447
68722
68971
69215
69487
69780
70068
70328
70590
70914
71250
71562
71819
72113
72459
72738
73111
73323
73883
74123
74402
74650
74936
75275
75545
75809
76108
76405
77210
77488
77701
77959
78235
78485
78779
79368
79615
79859
80189
80460
80726
81028
81381
81758
82022
82287
82515
82803
83162
83698
83966
84281
84587
84855
85076
85356
85568
85892
86195
86469
86695
87013
87398
87669
87920
88222
88506
88710
89042
89312
89569
89874
90191
90582
90889
91231
91452
91649
91861
92297
92569
92778
93029
93330
93613
93856
94100
94307
94618
94964
95255
95535
95860
96141
96446
96849
97069
97354
97638
97917
98233
98440
98752
98950
99247
99537
99812
100387
100594
100863
101091
101348
101571
101951
102319
102556
102836
103092
103413
103688
103908
104215
104431
104703
105013
105255
105524
105742
106029
106335
106603
106985
107319
107624
107917
108184
108412
109341
109695
110010
110253
110616
110945
111264
111573
111879
112186
112459
112828
113130
113445
113750
114060
114353
114685
114967
115302
115594
115926
116212
116544
117121
117416
117704
117999
118258
118534
118766
119064
119363
119657
119935
120169
120456
120732
120967
121279
121599
121851
122177
122487
122810
123280
123625
123922
124145
124439
124745
124974
125274
125538
125859
126100
126342
126583
126809
127046
127352
127634
128111
128380
128646
128885
129161
129499
129781
130068
130339
130627
130957
131230
131563
131859
132106
132336
132630
132997
133225
133550
133821
134076
134307
134949
135172
135444
135752
135959
136235
136504
136736
137002
137305
137609
138114
138377
138675
138939
139189
139468
139750
140052
140342
140675
140878
141181
141492
141748
142101
142336
142600
142836
143185
143439
143656
143947
144223
144724
144948
145205
145444
145684
145929
146286
146597
146841
147076
147319
147589
148070
148348
148809
149075
149405
149620
149873
150186
150474
150726
150972
151308
151578
151807
152061
152287
152556
152780
153053
153268
153577
153864
154093
154400
154670
154898
155397
155658
155888
156162
156437
156715
157004
157290
157603
157903
158192
158488
158795
159034
159344
159641
159948
160230
160523
160772
161013
161289
161602
161852
162155
162448
162739
163059
163325
163633
164095
164339
164740
165065
165519
165807
166131
166376
166653
166967
167248
167561
167848
168153
168450
168858
169075
169321
169588
169876
170166
170450
170740
171039
171326
171584
171910
172214
172468
172858
173169
173414
173640
173995
174258
174581
174812
175060
175383
175671
175969
176263
176522
176799
177126
177682
177981
178477
178802
179106
179403
179664
179982
180240
180536
180838
181166
181437
181736
182018
182318
182549
182832
183204
183799
184094
184390
184677
184944
185219
185496
185800
186167
186510
186743
186959
187251
187535
187797
188059
188306
188559
189018
189230
189471
189759
190025
190364
190822
191128
191563
191948
192239
192545
192742
193036
193325
193589
194150
194349
194616
194906
195193
195763
196065
196611
196917
197229
197537
197827
198126
198345
198627
198910
199167
199401
199745
200090
200352
200637
200926
201140
201381
201707
202053
202375
202673
203001
203301
203586
203905
204191
204480
204794
205079
205358
205584
205813
206100
206430
206657
206935
207191
207423
207716
208017
208300
208561
208772
209023
209283
209564
209840
210119
210401
210623
210969
211249
211530
211796
212102
212380
212613
212948
213245
213532
213784
214044
214348
214686
214958
215249
215543
215804
216017
216254
216523
216806
217043
217265
217523
217799
218040
218455
218769
219127
219490
220049
220251
220520
220816
221061
221532
221807
222063
222343
222590
222851
223077
223365
223857
224173
224710
224979
225276
225483
225779
226066
226289
226585
226817
227080
227374
227658
227966
228232
228453
228729
228994
229269
229740
230003
230242
230520
230726
231073
231285
231643
232005
232225
232465
232742
233038
233392
233772
234048
234265
234565
234921
235139
235424
235807
236176
236453
236757
237022
237253
237500
237765
237992
238250
238572
238853
239130
239493
239767
240071
240393
240706
240982
241297
241554
241836
242135
242454
242675
242952
243234
243501
243834
244115
244416
244669
244923
245168
245505
245822
246172
246441
246755
247152
247404
247623
247935
248210
248416
248744
249034
249380
249632
249907
250245
250770
251057
251329
251646
251897
252128
252438
252713
252937
253512
253725
254084
254293
254522
254780
255044
255272
255560
255817
256111
256392
256640
256876
257327
257608
257831
258131
258402
258681
258915
259198
259405
259733
259977
260265
260571
260791
261098
261326
261665
261992
262308
262572
262923
263241
263450
263788
264010
264323
264529
264844
265159
265465
265666
265978
266211
266546
267015
267241
267517
267754
268026
268235
268451
268789
269083
269392
269673
269900
270157
270471
270776
270975
271324
271588
271828
272119
272337
272643
272941
273214
273480
273723
273960
274294
274626
274885
275191
275514
275843
276108
276352
276711
276982
277318
277515
277857
278062
278340
278603
278796
279045
279267
279579
279847
280180
280479
280872
281156
281417
281671
282055
282340
282656
282936
283261
283602
283864
284062
284382
284589
284904
285196
285416
285615
285881
286151
286440
286658
286944
287160
287623
287944
288236
288476
288769
289083
289685
289973
290258
290521
290750
291025
291327
291557
291867
292175
292512
292842
293201
293462
293698
293945
294228
294489
294806
295134
295351
295676
295943
296262
296523
296770
297071
297358
297596
297823
298087
298604
298820
299197
299394
299765
300082
301004
301336
301583
301942
302498
302798
303146
303430
303766
304384
304684
304992
305288
305567
306104
306422
306749
307025
307324
307567
307839
308105
308358
308583
308853
309154
309385
309667
309963
310272
310602
310934
311229
311452
311715
311943
312215
312513
312711
312959
313231
313747
314156
314373
314624
314852
315165
315361
315640
315918
316140
316390
316636
316872
317192
317388
317706
317984
318264
318525
318779
319094
319344
319638
319933
320202
320459
320691
320950
321260
321835
322164
322729
323050
323608
323908
324471
324763
325307
325600
326130
326454
326741
327013
327283
327537
327817
328031
328328
328877
329148
329627
329890
330126
330452
330769
331328
331643
332189
332487
333036
333324
333884
334169
334702
335002
335543
335837
336384
336686
337221
337523
338052
338340
338885
339172
339466
339732
340328
340639
341202
341501
342038
342333
342869
343158
343687
343987
344520
344815
345355
345633
346032
346585
346883
347427
347724
348248
348809
349098
349621
349922
350453
350744
351284
351833
352126
352661
352949
353490
354024
354330
354854
355157
355685
355980
356495
356786
357306
357606
358139
358443
358962
359269
359814
360342
360883
361406
361698
362218
362512
363038
363592
363877
364401
364950
365499
366044
366325
366847
367142
367662
367958
368483
369031
369571
370109
370656
371195
371484
372018
372554
373107
373393
373906
374186
374483
374773
375064
375367
375674
376230
376789
377336
377728
377977
378171
378438
378627
378842
379111
379358
379609
379896
380127
380405
380642
380883
381334
381667
381976
382289
382595
382908
383216
383518
384074
384381
384684
384987
385298
385602
385907
386213
386521
386837
387372
387934
388476
388780
389080
389392
389913
390231
390536
391003
391378
391938
392482
393043
393580
394120
394420
394707
395266
395559
396075
396377
396902
397201
397509
398042
398342
398871
399177
399478
399770
400305
400848
401392
401889
402188
402525
402787
403014
403241
403490
403730
403937
404231
404501
404857
405213
405511
405747
405991
406461
406672
406916
407233
407490
407717
408011
408213
408505
408752
409005
409309
409595
409890
410133
410372
410684
411033
411355
411662
411864
412215
412422
412750
413299
413617
413915
414220
414515
414834
415151
415462
415815
416114
416431
416755
417070
417390
417964
418524
418840
419149
419451
419762
420070
420381
420957
421522
422071
422624
423161
423465
423772
424066
424597
424911
425208
425515
425816
426126
426438
426986
427546
428093
428650
429192
429738
430033
430321
430616
430919
431214
431517
431830
432152
432472
433042
433618
433940
434247
434558
435084
435391
435698
436009
436544
437110
437653
438208
438408
438754
438942
439174
439402
439827
440119
440352
440585
440863
441151
441428
441646
441941
442257
442545
442810
443038
443352
443667
443942
444206
444463
444769
445072
445373
445709
445943
446207
446434
446699
446957
447262
447519
447871
448181
448408
448680
448997
449311
449636
449919
450132
450434
450710
451153
451499
451774
452012
452239
452502
452702
453071
453387
453652
453991
454517
454804
454994
455233
455478
455693
455977
456313
456539
456756
457085
457365
457637
457953
458191
458467
458778
459051
459300
459589
459911
460119
460413
460698
460930
461231
461514
461766
462071
462372
462598
462868
463106
463423
463679
463903
464185
464435
464756
465088
465449
465832
466132
466394
466692
466972
467190
467454
467753
468033
468347
468564
468850
469148
469459
469847
470172
470450
470744
470965
471322
471668
471987
472260
472587
472839
473095
473326
473544
473857
474118
474336
474703
474976
475208
475506
475782
475984
476298
476587
476876
477091
477458
477776
478098
478298
478577
478879
479190
479460
479688
480005
481113
481440
481720
482013
482553
482839
483372
483666
484212
484505
484995
485405
485979
486279
486817
487109
487660
487949
488496
488793
489327
489621
490169
490457
490989
491289
491824
492117
492660
493218
493521
494035
494336
494876
495165
495698
496001
496517
497069
497279
497632
498189
498756
499308
499870
500419
500977
501526
501718
502021
502251
502486
502780
502988
503299
503584
504110
504427
504767
505062
505348
505761
506038
506284
506518
507024
507319
507661
507925
508181
508487
508805
509074
509310
509614
509889
510117
510356
510611
510895
511347
511641
511950
512160
512448
512738
512990
513242
513518
513809
514140
514471
514709
514991
515328
515652
515911
516108
516464
516740
516936
517263
517605
517917
518275
518602
518922
519183
519424
519728
520080
520418
520716
521001
521242
521443
521789
522108
522370
522570
522892
523177
523460
523751
523957
524511
524757
525015
525283
525608
525825
526037
526361
526691
527013
527397
527679
527921
528186
528503
528803
529047
529301
529640
529964
530226
530435
530719
530929
531224
531486
531719
532182
532431
532767
532978
533255
533473
533759
534098
534383
534669
534929
535132
535429
535979
536249
536502
536793
537091
537454
537735
537974
538274
538596
538830
539158
539450
539726
539970
540280
540588
540889
541111
541435
541737
542054
542416
542721
543018
543274
543614
543956
544212
544485
544694
545089
545447
545809
546124
546382
546574
546777
547055
547354
547560
547882
548211
548526
548823
549176
549518
549775
550037
550310
550535
550961
551198
551412
551735
552052
552406
552678
553046
553249
553661
553956
554237
554454
554678
555014
555209
555478
555766
556091
556523
556853
557128
557372
557626
557826
558166
558364
558675
558943
559196
559450
559710
560051
560360
560613
560950
561272
561512
561829
562144
562372
562626
562910
563313
563614
563949
564284
564610
564906
565126
565328
565547
565805
566068
566382
566779
567111
567392
567636
567913
568188
568534
568861
569214
569453
569692
569991
570252
570555
570889
571136
571410
571650
571932
572248
572565
572878
573208
573457
573733
573965
574261
574508
574898
575254
575511
575815
576114
576373
576865
577296
577622
577857
578155
578531
578806
579128
579393
579653
579905
580197
580532
580802
581118
581374
581733
581951
582319
582531
582808
583081
583393
583589
583916
584228
584458
584712
584977
585201
585459
585684
585994
586309
586639
587011
587232
587477
587709
588099
588310
588629
588905
589146
589468
589744
589966
590255
590548
590851
591114
591392
591937
592298
592634
592932
593234
593530
593888
594184
594446
594738
595044
595394
595704
595956
596253
596599
596915
597535
597806
598064
598281
598538
598819
599040
599315
599570
599854
600344
600761
601099
601400
601690
601959
602290
602554
602829
603116
603325
603661
603976
604256
604594
604862
605286
605566
605862
606169
606388
606666
606928
607402
607789
608095
608423
608640
608956
609392
609701
609964
610247
610578
610866
611201
611458
611761
612090
612369
612750
612967
613226
613502
613804
614094
614385
614682
615052
615365
615615
615827
616101
616384
616684
616991
617274
617542
617796
618238
618487
618726
619027
619323
619623
619892
620239
620547
621071
621290
621562
621774
622027
622290
622514
622797
623048
623325
623649
623920
624217
624506
624816
625108
625389
625707
626224
626517
626807
627111
627332
627659
627991
628577
628774
629047
629327
629604
629833
630049
630351
630667
630962
631250
631547
631844
632148
632437
632729
633034
633324
633616
633910
634198
634428
634715
634992
635413
635714
635933
636196
636466
636787
637067
637504
637808
638110
638364
638752
638990
639212
639579
639806
640171
640469
640791
641083
641298
641669
641977
642313
642607
642845
643201
643427
643652
643984
644339
644649
644932
645228
645448
645760
646066
646561
646834
647144
647440
647881
648129
648398
648691
648836
649175
649449
649738
