1
82
362
647
893
1195
1483
1779
2073
2337
2646
2941
3192
3522
3833
4110
4406
4691
4976
5236
5573
5893
6195
6777
7033
7611
7895
8481
8764
9045
9295
9605
10197
10516
10783
11074
11642
11910
12548
12821
13407
13675
14253
14552
14868
15139
15424
15709
15963
16276
16573
16861
17149
17415
17722
17998
18257
18575
18863
19156
19438
19714
20002
20283
20545
20880
21173
21459
21737
22044
22307
22587
22913
23205
23477
23788
24085
24350
24635
24922
25219
25537
25807
26128
26402
26682
26988
27282
27605
27896
28192
28459
28769
29049
29345
29666
29955
30231
30546
30826
31091
31399
31695
31983
32277
32569
32827
33129
33392
33700
33995
34293
34593
34900
35193
35486
35803
36124
36436
36744
37059
37320
37635
37961
38281
38604
38916
39222
39525
39819
40140
40465
40774
41040
41363
41667
41945
42270
42576
42864
43469
43744
44340
44641
45240
45531
45831
46093
46377
46683
46979
47267
47551
47817
48101
48379
48647
48965
49239
49525
49809
50088
50657
50960
51566
51842
52437
52708
53038
53331
53638
53925
54237
54499
54814
55110
55401
55724
56019
56317
56605
56904
57174
57481
57792
58095
58376
58686
58953
59247
59550
59855
60132
60450
60718
61028
61297
61594
61889
62194
62483
62796
63078
63361
63670
63958
64291
64600
64909
65208
65516
65819
66136
66426
66751
67059
67327
67649
67916
68221
68544
68844
69140
69436
69694
70006
70294
70593
70919
71207
71471
71782
72057
72341
72941
73231
73545
73806
74115
74395
74663
75003
75334
75635
75920
76195
76482
76778
77084
77394
77663
77987
78261
78559
78876
79175
79504
79780
80107
80392
80667
80980
81261
81600
81906
82203
82463
82780
83077
83387
83696
84007
84268
84584
84854
85154
85454
85729
86354
86631
87214
87501
88129
88396
89019
89896
90201
91063
91947
92835
93102
93676
93962
94546
95146
95422
95971
96272
96571
96845
97718
98606
98911
99210
99488
99781
100070
100328
100658
100970
101251
101544
101828
102109
102393
102690
102990
103320
103585
103904
104192
104478
104795
105099
105390
105713
106016
106281
106596
106892
107192
107524
107795
108090
108401
108667
108973
109275
109552
109876
110165
110454
110739
110993
111308
111606
111900
112198
112486
112764
113050
113337
113618
113954
114237
114533
114821
115112
115371
115713
116042
116362
116681
116993
117293
117582
117895
118177
118522
118842
119141
119434
119730
120060
120376
120684
120947
121263
121571
121832
122150
122454
122750
123067
123364
123627
123937
124205
124547
124834
125157
125430
125737
126007
126301
126607
126892
127193
127478
127744
128054
128320
128617
128912
129204
129493
129779
130040
130351
130609
130915
131216
131514
131775
132094
132370
132626
132957
133252
133526
133844
134120
134387
134700
134975
135275
135567
136155
136442
136996
137300
137888
138473
139321
141335
144330
145217
145492
146104
146403
146716
146995
147288
147592
147863
148161
148488
148788
149062
149372
149654
149914
150243
150527
150856
151134
151426
151715
151981
152312
152638
152949
153252
153561
153867
154175
154483
154790
155110
155385
155719
156042
156341
156659
156985
157305
157607
157899
158194
158458
158779
159114
159426
159729
160002
160317
160580
160893
161180
161517
161791
162106
162380
162667
162951
163232
163567
163849
164128
164444
164732
165030
165310
165618
165907
166228
166500
166828
167087
167409
167695
168053
168371
168652
168948
169211
169539
169826
170161
170454
170747
171037
171346
171611
171921
172234
172506
172831
173101
173408
173684
173958
174295
174589
174859
175157
175439
175694
176009
176297
176593
176881
177153
177445
177704
177986
178272
178569
178872
179162
179435
179745
180014
180278
180618
180905
181206
181472
181791
182054
182336
182645
182944
183216
183814
184096
184661
184937
185542
185842
186387
186675
186977
187284
187560
188150
188725
188997
190482
190740
191382
191696
192001
192164
192546
193205
193738
194136
194305
194654
194819
195189
195356
195714
195883
196085
196257
196444
196630
196823
196974
197354
197751
198155
198540
198915
199287
199638
199947
200245
200556
200822
201122
201387
201553
201982
202350
202701
203017
203331
203590
203872
204134
204628
204821
205203
205366
205701
205867
206060
206225
206528
206698
206820
206993
207181
207412
207619
207794
207975
208159
208347
208512
208712
208906
209090
209421
209615
209774
209939
210116
210457
210854
211270
211713
212165
212528
212852
213225
213530
213825
214124
214423
214703
215010
215293
215620
215901
216213
216487
216765
217073
217382
217693
217973
218285
218581
218846
219155
219470
219746
220071
220227
220616
220853
221226
221496
221837
222009
222395
222794
222958
223336
223515
223927
224116
224462
224628
225006
225178
225364
225578
225739
225907
226064
226203
226417
226616
226764
226932
227104
227305
227488
227646
227850
228037
228290
228524
228734
229036
229601
230294
231515
231898
232287
234783
235631
235887
236469
236763
237336
237623
238192
238463
239062
239351
239949
240225
240505
240770
241081
241383
241652
241963
242241
242495
242798
242962
243353
243528
243856
244023
244389
244617
244961
245128
245488
245658
246031
246283
246657
246817
247164
247339
247730
248023
248175
248567
248873
249036
249405
249657
249822
250234
250408
250603
250842
251016
251200
251370
251532
251849
252013
252216
252393
252579
252760
252931
253087
253243
253419
253604
253993
254376
254829
255290
255725
256144
256482
256652
257061
257228
257627
257794
257969
258161
258568
258741
259178
259349
259597
259748
259941
260158
260436
260688
260915
261108
261278
261490
261721
261882
262079
262243
262409
262604
262790
262967
263162
263330
263503
263682
263836
264017
264201
264380
264689
264886
265145
265371
265567
265947
266354
266807
267254
267431
267832
268245
268631
269015
269188
269566
269931
270283
270441
270758
270957
271105
271460
271631
271774
271909
272041
272222
272405
272540
272687
272846
273006
273183
273378
273546
275150
275588
276019
276500
276659
277033
277407
277994
278172
278463
278594
278732
278861
279002
279148
279517
279910
280292
280658
280987
281278
281554
281836
282136
282434
282726
283022
283296
283577
283862
284155
284467
284775
285043
285361
285518
285921
286089
286378
286843
287033
287517
287763
288060
288516
288699
288950
289108
289316
289548
289766
289940
290113
290326
290516
290697
291084
291457
291815
292163
292497
292847
293200
293494
293784
294067
294362
294629
294927
295254
295545
295840
296133
296425
296707
297031
297347
297638
297967
298130
298375
298526
298693
298873
299035
299202
299364
299563
300003
300368
300755
301124
301515
301902
302068
302412
302602
302854
303197
303550
303905
304104
304241
304445
304611
304785
305143
305496
305835
306148
306453
306727
307008
307284
307550
307829
308139
308437
308699
309011
309288
309548
309871
310039
310456
310633
310786
311114
311274
311494
311700
312013
312178
312412
312592
312753
312926
313085
313254
313634
314383
314841
315012
315468
315675
316469
316721
316883
317431
317577
317719
317864
318272
319394
320174
320527
320698
321070
321759
322095
322416
323281
323571
324413
325240
325557
325722
326116
326292
326530
326847
326999
327239
327401
327545
327687
327948
328304
328669
328975
329291
329615
329958
330265
330579
330883
331178
331478
331756
331926
332336
332711
332871
333117
333279
333416
333605
333753
333966
334143
334318
334485
334709
334850
335121
335313
335521
335797
335978
336151
336461
336675
336890
337092
337455
337820
338199
338648
339051
339433
339805
340167
340466
340770
341051
341380
341658
341941
342222
342516
342804
343242
343678
344048
344207
344612
344789
344926
345145
345315
345495
345658
345815
345979
346134
346295
346475
346717
346897
347390
347792
348201
348640
348809
349057
349268
349451
349630
349890
350228
350427
350614
350823
350977
351207
351407
351622
351842
352009
352231
352406
352613
352831
353056
353293
353447
353633
353869
354057
354274
354536
354707
354912
355069
355315
355752
356004
356213
356398
356685
356975
357169
357421
357623
357924
358187
358424
358695
358896
359124
359358
359615
359817
360030
360338
360744
360893
361041
361174
361383
361560
361826
362204
362370
362519
362678
362858
363561
364310
364470
364762
365460
366097
367796
368587
369320
369495
369638
370089
370226
370522
370779
370936
371089
371259
371424
371570
371795
371972
372158
372373
372536
372683
372940
373094
373357
373563
373753
373900
374053
374315
374543
374785
375093
375396
375583
375878
376099
376278
376493
376669
376812
376960
377302
377554
377718
377991
378251
378487
378629
378776
379046
379226
379398
379626
379984
380221
380456
380611
380823
380962
381251
381540
381716
381866
382054
382262
382425
382656
382867
383134
383395
383625
383778
383914
384113
384257
384405
384663
384924
385129
385282
385506
385673
385821
385976
386236
386411
386643
386905
387107
387559
388017
388210
388540
388939
389115
389526
389691
390143
390318
390753
391167
391544
391905
392063
392430
392795
393065
393364
393631
393904
394190
394477
394784
395088
395367
395646
395951
396226
396523
396832
397120
397413
397707
397958
398260
398537
398840
399135
399442
399721
400004
400265
400574
400862
401153
401454
401749
402019
402326
402597
402899
403172
403328
403767
403943
404324
404554
404893
405158
405313
405718
405973
406287
406580
406877
407028
407415
407587
408264
408561
412538
412900
413506
413668
414056
415052
415206
415577
415748
416118
416297
416661
416827
417208
417433
417838
418114
418561
418738
419095
419263
419636
419800
420153
420326
420721
420889
421270
421440
421790
421947
422331
422508
422877
423048
423301
423716
424107
424319
424481
424832
425010
425350
425525
425888
426059
426401
426575
426936
427159
427516
427743
428083
428256
428575
428771
429121
429345
429491
429800
430004
430315
430527
430850
431051
431397
431607
431946
432148
432480
432665
432991
433190
433334
433676
433885
434226
434394
434727
434910
435281
435459
435850
436016
436381
436554
436897
437055
437424
437597
437974
438141
438512
438677
439038
439197
439313
439564
439732
439944
440128
440431
440601
440735
441006
441202
441360
441523
441701
442082
442415
442800
443202
443604
444011
444235
444654
444825
445012
445417
445577
445769
446175
446342
446604
446765
446937
447084
447238
447400
447556
447709
447892
448380
448742
449220
449692
449856
450047
450504
450684
450950
451357
451526
451775
452152
452311
452581
452777
452998
453152
453303
453453
453873
454021
454528
454697
455157
455561
455985
456379
456755
457139
457518
457718
458056
458262
458397
458599
458922
459264
459482
459631
459771
459953
460132
460309
460496
460657
460828
460954
461107
461331
461611
461915
462242
462569
462855
463000
463151
463384
463625
463777
464032
464359
464680
464985
465256
465547
465832
466123
466276
466406
466559
466733
467041
467370
467705
468041
468339
468483
468617
468963
469273
469424
469542
469703
469984
470274
470588
470860
471135
471412
471665
471957
472119
472535
472705
472960
473117
473257
473627
473783
473967
474343
474512
474712
475094
475292
475667
475908
476048
476420
476604
476741
476925
477104
477413
477719
477995
478318
478479
478624
478773
478961
479181
479313
479480
479734
479888
480042
480351
480692
481066
481410
481742
482097
482398
482547
482692
482831
483017
483225
483469
483650
483834
484010
484161
484322
484477
484833
485186
485595
485943
486384
486817
486979
487406
487590
487901
488062
488285
488453
488618
488780
488911
489201
489473
489666
489819
489991
490416
490740
491113
491569
492025
492436
492604
492979
493146
493418
493582
493848
494046
494230
494376
494605
494819
494989
495180
495343
495541
495685
496061
496427
496783
497220
497670
498217
498444
498605
498760
498922
499088
499245
499849
501102
501551
501913
502244
502621
502785
503198
503560
503719
503959
504101
504301
504453
504875
505206
505527
505829
506121
506420
506727
507027
507302
507615
507767
508155
508542
508712
508964
509121
509319
509500
509683
509896
510247
510603
510988
511285
511580
511882
512167
512440
512707
513019
513323
513603
513923
514080
514337
514827
515090
515533
515709
515960
516387
516743
516899
517113
517269
517474
517703
518015
518434
518846
519023
519280
519721
520149
520354
520506
520664
521025
521425
521612
521817
522223
522393
522576
522800
522965
523110
523254
523398
523631
524123
524589
525022
525416
525622
525773
526148
526325
526719
526950
527101
527302
527468
527676
527810
527967
528106
528369
528783
529176
529338
529593
529741
529918
530374
530795
531217
531603
531976
532336
532679
532844
532979
533169
533366
533532
533730
533901
534061
534238
534435
534613
534931
535284
535655
536318
536619
536923
537230
537523
537863
538138
538421
538992
539154
539285
539458
539596
539738
539927
540161
540345
540513
540740
540909
541048
541388
541610
541818
541977
542280
542452
542652
542854
542982
543342
543715
544064
544410
544742
545014
545287
545570
545850
546127
546398
546663
546919
547183
547440
547722
547998
548282
548557
548830
549094
549356
549638
549929
550213
550499
550779
551033
551342
551611
551885
552185
552476
552629
552876
553030
553171
553326
553490
553681
553832
553989
554179
554376
554543
554724
554859
555014
555169
555327
555488
555653
555860
556104
556286
556762
557096
557506
557964
558414
558814
559151
559498
559779
560050
560315
560605
560892
561209
561507
561770
562055
562341
562626
562929
563236
563522
563795
564111
564392
564672
564979
565138
565357
565525
565680
565853
566000
566147
566290
566452
566597
566757
566917
567079
567245
567414
567593
567753
567942
568255
568663
569111
569592
570045
570429
570748
570902
571103
571275
571417
571630
572055
572455
572835
573202
573576
573947
574255
574406
574548
574894
575193
575340
575471
575611
575779
575986
576180
576408
576555
576765
577027
577227
577404
577535
577690
577950
578168
578482
578626
578756
578899
579041
579187
579350
579586
579766
579935
580132
580382
580581
580738
580884
581035
581234
581467
581672
582068
582301
582601
582986
583424
583657
583917
586933
587391
589009
591374
591630
591891
592226
592463
592620
592780
593085
593302
593443
593575
593703
593955
594207
594349
594552
594768
594941
595096
595254
595418
595652
595830
596052
596265
596490
596739
596916
597080
597273
597432
597714
597905
598044
598211
598506
598789
599024
599198
599472
599630
599885
600091
600269
600571
600863
601065
601198
601481
601732
601948
602244
602420
602695
602924
603089
603318
603466
603731
603910
604105
604400
604703
604900
605073
605375
605537
605748
605959
606156
606315
606598
606773
607033
607229
607432
607646
607892
608090
608259
608540
608724
608884
609037
609272
609520
609802
609989
610151
610347
610604
610814
611057
611343
611503
611705
611931
612083
612234
612522
612767
612923
613221
613437
613577
613799
613965
614182
614407
614616
614874
615043
615301
615455
615652
615791
615921
616119
616420
616702
616990
617306
617517
617775
617948
618099
618353
618525
618673
618816
619044
619342
619511
619748
619937
620081
620290
620513
620668
620950
621113
621403
621584
621759
621899
622097
622268
622526
622770
623037
623267
623499
623816
623985
624219
624445
624590
624841
625131
625351
625494
625753
625921
626209
626356
626495
626719
626959
627291
627526
627752
627951
628156
628427
628683
629107
629607
629758
629892
630884
631188
631647
632227
633362
635388
637426
637617
638047
638528
638713
638991
639135
639404
639870
640035
640266
640513
640713
640945
641233
641414
641568
641695
641901
642112
642325
642660
642938
643153
643369
643562
643876
644044
644250
644388
644635
644820
644984
645245
645438
645570
645829
645983
646302
646461
646682
646978
647137
647388
647555
647723
648056
648241
648496
648720
648986
649158
649318
649602
649861
