1
77
352
618
882
1140
1402
1668
1929
2201
2469
2728
2987
3245
3504
3765
4028
4302
4572
4843
5117
5390
5664
5928
6195
6460
6734
7007
7265
7527
7778
8027
8276
8526
8784
9054
9331
9600
9874
10158
10440
10719
10992
11262
11534
11807
12081
12360
12645
12925
13211
13500
13783
14058
14334
14613
14878
15155
15436
15710
15985
16271
16572
16870
17165
17453
17731
18010
18280
18562
18852
19136
19415
19692
19982
20273
20563
20837
21113
21397
21691
21999
22303
22597
22897
23203
23496
23780
24060
24351
24651
24949
25246
25546
25829
26091
26355
26624
26887
27162
27449
27742
28036
28332
28634
28924
29214
29497
29786
30084
30384
30673
30954
31223
31498
31791
32082
32379
32673
32982
33291
33585
33872
34158
34442
34722
35011
35312
35622
35949
36262
36577
36893
37186
37479
37765
38058
38357
38668
38979
39269
39554
39838
40126
40404
40685
40968
41244
41534
41831
42140
42439
42747
43066
43375
43670
43947
44220
44487
44758
45033
45298
45567
45840
46114
46393
46665
46951
47275
47601
47935
48250
48549
48843
49139
49429
49713
49997
50273
50554
50840
51130
51424
51720
52007
52297
52597
52893
53179
53459
53734
54009
54277
54548
54822
55095
55379
55673
55964
56238
56510
56774
57038
57300
57569
57842
58117
58393
58663
58945
59239
59522
59794
60047
60297
60538
60777
61017
61264
61506
61754
62000
62257
62516
62768
63022
63268
63511
63761
64003
64250
64497
64734
64972
65206
65437
65673
65902
66129
66347
66566
66783
67017
67258
67517
67798
68077
68351
68609
68862
69108
69338
69570
69794
70020
70253
70491
70737
70999
71261
71522
71783
72056
72325
72581
72843
73094
73344
73596
73847
74109
74381
74644
74905
75165
75430
75694
75955
76217
76483
76742
76992
77243
77490
77731
77967
78199
78430
78665
78907
79150
79402
79649
79902
80160
80422
80677
80935
81181
81432
81677
81919
82163
82398
82629
82855
83090
83340
83589
83850
84110
84367
84614
84853
85102
85348
85589
85833
86075
86337
86606
86856
87105
87353
87602
87849
88093
88340
88591
88836
89083
89329
89591
89865
90124
90389
90667
90922
91176
91426
91686
91958
92230
92489
92742
93000
93257
93525
93795
94057
94310
94560
94826
95124
95430
95742
96050
96345
96613
96879
97136
97383
97632
97875
98116
98360
98598
98839
99076
99325
99575
99818
100068
100312
100561
100824
101087
101362
101627
101876
102136
102407
102691
102990
103329
103649
103979
104315
104666
105027
105349
105652
105964
106294
106648
107010
107361
107710
108052
108393
108726
109054
109401
109755
110088
110415
110754
111080
111418
111769
112094
112405
112748
113102
113440
113784
114085
114388
114714
115035
115357
115696
116040
116391
116731
117071
117421
117761
118086
118419
118764
119127
119494
119838
120174
120524
120866
121211
121558
121900
122255
122609
122916
123225
123543
123889
124227
124543
124849
125155
125471
125808
126151
126469
126768
127073
127392
127739
128094
128443
128789
129105
129403
129686
129972
130265
130576
130921
131269
131617
131935
132252
132543
132834
133139
133468
133799
134164
134538
134895
135244
135595
135930
136263
136581
136911
137260
137593
137929
138267
138620
138974
139322
139662
139981
140285
140590
140903
141226
141562
141899
142251
142607
142947
143281
143629
143999
144367
144704
145047
145406
145747
146095
146446
146803
147168
147501
147824
148147
148478
148830
149156
149474
149800
150127
150461
150780
151100
151434
151781
152127
152448
152768
153096
153404
153740
154098
154463
154837
155160
155486
155814
156138
156439
156731
157039
157360
157687
158022
158374
158715
159056
159361
159664
159968
160291
160614
160937
161232
161517
161796
162086
162400
162707
163034
163365
163699
163995
164283
164568
164848
165134
165436
165760
166090
166400
166719
167041
167346
167652
167960
168270
168590
168916
169216
169522
169836
170166
170489
170795
171096
171410
171738
172071
172390
172715
173047
173395
173738
174067
174390
174703
175002
175310
175633
175964
176307
176666
177028
177355
177659
177971
178295
178645
178987
179328
179641
179967
180277
180602
180921
181258
181606
181924
182244
182568
182898
183242
183581
183923
184251
184578
184909
185219
185519
185803
186079
186378
186692
187021
187352
187697
188010
188330
188660
188973
189284
189600
189930
190259
190591
190934
191250
191578
191916
192259
192606
192935
193265
193602
193932
194275
194606
194933
195267
195606
195955
196309
196636
196961
197294
197627
197950
198275
198602
198911
199218
199532
199833
200147
200469
200805
201116
201436
201759
202070
202380
202703
203032
203362
203675
203985
204289
204580
204860
205119
205370
205616
205867
206115
206357
206619
206946
207294
207633
207989
208339
208672
209003
209331
209645
209960
210281
210617
210954
211295
211624
211951
212280
212618
212941
213264
213574
213869
214149
214428
214729
215064
215405
215754
216080
216401
216718
217053
217395
217732
218064
218397
218726
219056
219385
219716
220045
220378
220694
221020
221348
221655
221956
222269
222593
222920
223231
223546
223857
224176
224491
224798
225113
225428
225745
226067
226392
226711
227044
227368
227703
228037
228366
228681
229011
229340
229661
229979
230304
230635
230958
231251
231540
231829
232150
232486
232808
233123
233442
233759
234071
234377
234689
235014
235352
235688
236025
236362
236694
237008
237325
237650
237969
238284
238627
238971
239294
239612
239943
240254
240557
240866
241181
241506
241829
242137
242444
242756
243073
243378
243675
243981
244281
244572
244866
245173
245483
245800
246115
246426
246718
247014
247312
247604
247902
248226
248569
248899
249221
249568
249907
250240
250573
250885
251195
251524
251870
252211
252560
252913
253242
253560
253876
254179
254483
254791
255105
255426
255748
256071
256379
256693
257013
257328
257627
257932
258249
258549
258854
259168
259491
259822
260132
260428
260719
261001
261311
261643
261962
262265
262578
262892
263206
263524
263834
264147
264443
264739
265043
265352
265663
265978
266261
266548
266840
267127
267413
267698
267986
268282
268589
268897
269212
269507
269810
270109
270401
270696
271003
271329
271664
272003
272344
272677
272985
273283
273584
273889
274216
274552
274885
275214
275532
275849
276162
276461
276760
277068
277385
277718
278043
278370
278690
279014
279315
279619
279935
280253
280571
280887
281210
281532
281849
282161
282480
282809
283140
283440
283743
284054
284388
284708
285016
285334
285653
285981
286308
286607
286900
287186
287496
287810
288136
288474
288789
289108
289442
289770
290085
290400
290724
291054
291376
291689
291979
292259
292546
292852
293171
293502
293821
294140
294456
294775
295101
295436
295773
296090
296390
296680
296988
297312
297633
297930
298214
298495
298778
299075
299364
299653
299959
300268
300585
300890
301201
301513
301802
302090
302384
302692
303004
303318
303621
303929
304228
304530
304839
305139
305424
305706
305995
306295
306588
306899
307232
307539
307843
308154
308468
308773
309058
309332
309605
309877
310168
310481
310806
311133
311473
311813
312150
312478
312780
313082
313388
313690
314001
314328
314661
314997
315317
315641
315967
316256
316538
316831
317128
317431
317748
318070
318379
318701
319023
319336
319630
319929
320245
320556
320871
321174
321464
321745
322031
322326
322612
322902
323203
323523
323858
324186
324525
324858
325194
325525
325839
326142
326445
326751
327058
327375
327678
327990
328302
328616
328932
329225
329512
329806
330107
330420
330741
331052
331366
331690
332009
332337
332670
333005
333347
333686
334021
334346
334658
334972
335296
335628
335962
336308
336643
336962
337263
337561
337850
338150
338474
338804
339128
339461
339800
340138
340464
340792
341109
341427
341743
342038
342316
342594
342884
343185
343512
343841
344161
344480
344816
345150
345473
345789
346090
346384
346667
346942
347228
347538
347868
348190
348514
348825
349132
349449
349755
350062
350364
350660
350946
351228
351505
351765
352025
352281
352544
352835
353148
353441
353744
354050
354351
354635
354914
355196
355473
355760
356058
356362
356676
356988
357299
357607
357919
358241
358565
358868
359164
359450
359728
359993
360265
360566
360888
361197
361503
361813
362112
362421
362710
362996
363277
363560
363849
364140
364424
364690
364952
365208
365475
365758
366044
366332
366625
366925
367208
367491
367768
368041
368323
368611
368909
369196
369472
369746
370026
370307
370593
370876
371155
371433
371708
372000
372305
372623
372948
373277
373581
373879
374174
374470
374763
375048
375339
375631
375930
376235
376543
376858
377168
377485
377800
378102
378388
378666
378943
379233
379533
379845
380162
380492
380823
381128
381429
381732
382048
382360
382672
382998
383330
383666
383985
384281
384574
384865
385169
385475
385795
386107
386415
386718
387030
387353
387681
388008
388342
388663
388987
389307
389634
389959
390285
390607
390925
391209
391488
391768
392025
392291
392566
392862
393176
393480
393773
394057
394335
394606
394875
395141
395397
395640
395886
396128
396366
396607
396846
397089
397323
397554
397782
398012
398239
398460
398682
398896
399115
399339
399573
399811
400054
400310
400556
400810
401062
401327
401602
401875
402141
402399
402652
402912
403179
403436
403686
403931
404164
404401
404647
404903
405165
405428
405699
405977
406247
406518
406785
407031
407274
407499
407729
407954
408180
408408
408648
408897
409156
409415
409701
409982
410250
410520
410778
411038
411300
411553
411807
412058
412312
412573
412839
413103
413373
413642
413906
414169
414434
414688
414939
415176
415423
415669
415914
416164
416412
416656
416902
417147
417396
417660
417922
418180
418434
418680
418923
419166
419415
419659
419904
420154
420407
420662
420923
421183
421444
421691
421950
422200
422444
422694
422936
423173
423408
423641
423876
424115
424364
424614
424857
425104
425357
425611
425872
426149
426427
426704
426978
427250
427531
427800
428073
428356
428630
428901
429183
429456
429727
429999
430259
430535
430812
431085
431362
431626
431891
432163
432434
432715
432999
433281
433565
433864
434144
434424
434713
435013
435318
435633
435938
436232
436529
436812
437098
437389
437685
437983
438284
438595
438909
439211
439514
439821
440115
440415
440719
441022
441315
441610
441908
442201
442484
442761
443029
443301
443578
443863
444145
444433
444730
445031
445336
445631
445930
446212
446491
446768
447048
447330
447621
447919
448224
448530
448833
449134
449422
449707
449998
450303
450596
450893
451199
451515
451830
452152
452477
452791
453093
453405
453715
454004
454289
454588
454862
455139
455419
455692
455945
456190
456440
456703
456978
457264
457550
457838
458134
458426
458701
458962
459224
459487
459755
460028
460288
460562
460829
461104
461392
461686
461982
462268
462548
462829
463122
463414
463702
463993
464295
464579
464865
465145
465412
465673
465932
466207
466498
466783
467083
467392
467689
467981
468274
468553
468823
469091
469352
469625
469905
470191
470462
470746
471034
471314
471604
471899
472196
472482
472773
473065
473354
473634
473918
474204
474478
474746
475011
475265
475532
475801
476084
476379
476673
476962
477242
477531
477811
478090
478373
478652
478931
479211
479491
479769
480046
480326
480612
480901
481191
481480
481764
482042
482310
482582
482855
483119
483381
483659
483952
484245
484546
484849
485145
485440
485718
485992
486254
486521
486790
487053
487321
487584
487859
488146
488432
488720
489012
489304
489586
489866
490130
490398
490668
490949
491228
491507
491797
492080
492368
492658
492940
493219
493497
493765
494034
494318
494615
494895
495179
495458
495747
496042
496349
496642
496937
497218
497499
497774
498038
498311
498589
498875
499171
499468
499753
500053
500355
500654
500948
501237
501514
501787
502063
502338
502596
502855
503109
503362
503622
503891
504168
504442
504706
504966
505236
505496
505753
506013
506266
506514
506770
507029
507284
507537
507790
508041
508286
508529
508768
509004
509238
509474
509715
509965
510215
510476
510733
510979
511225
511473
511719
511971
512223
512479
512726
512981
513247
513522
513800
514077
514365
514660
514948
515251
515560
515864
516165
516476
516779
517080
517382
517676
517951
518235
518516
518780
519040
519294
519559
519836
520124
520407
520697
520992
521280
521589
521907
522227
522542
522853
523164
523487
523785
524074
524356
524633
524922
525200
525467
525726
525982
526237
526485
526732
526987
527230
527483
527740
527998
528269
528535
528812
529092
529378
529644
529909
530175
530430
530692
530948
531210
531483
531752
532017
532279
532536
532794
533062
533343
533624
533902
534169
534435
534706
534971
535232
535490
535759
536049
536348
536631
536916
537211
537496
537776
538058
538335
538617
538895
539172
539435
539709
539977
540094
540241
540502
540765
541035
541320
541604
541886
542167
542453
542727
543001
543272
543535
543805
544082
544379
544684
544992
545289
545583
545857
546126
546393
546665
546945
547230
547530
547842
548151
548440
548728
549013
549285
549550
549809
550059
550307
550562
550839
551120
551395
551667
551942
552217
552496
552784
553068
553340
553612
553886
554159
554430
554699
554964
555234
555499
555771
556053
556334
556612
556895
557186
557477
557766
558057
558347
558647
558948
559261
559562
559855
560141
560434
560737
561043
561357
561662
561958
562234
562498
562751
562988
563222
563452
563688
563930
564174
564430
564682
564943
565206
565466
565715
565959
566192
566428
566665
566912
567167
567421
567692
567970
568260
568547
568845
569144
569424
569707
569986
570259
570533
570796
571055
571307
571562
571816
572077
572350
572618
572895
573170
573461
573748
574030
574304
574578
574849
575113
575382
575641
575897
576157
576418
576682
576955
577215
577474
577732
577986
578242
578494
578748
579004
579260
579510
579762
580019
580278
580537
580794
581057
581317
581574
581835
582091
582342
582592
582837
583082
583333
583582
583828
584069
584311
584552
584795
585044
585294
585551
585802
586056
586310
586564
586810
587054
587292
587525
587759
588000
588243
588491
588752
589006
589254
589496
589746
589993
590235
590478
590720
590969
591228
591481
591733
591988
592238
592493
592743
593006
593266
593526
593782
594044
594312
594590
594876
595170
595450
595721
595985
596244
596502
596757
597011
597270
597534
597791
598062
598340
598611
598879
599126
599378
599623
599863
600105
600335
600570
600809
601043
601285
601527
601768
602001
602234
602469
602708
602952
603200
603454
603726
604009
604302
604606
604910
605201
605490
605774
606063
606344
606622
606896
607172
607450
607730
607994
608254
608522
608783
609053
609334
609613
609898
610167
610433
610691
610947
611188
611432
611671
611915
612153
612401
612655
612906
613160
613409
613660
613907
614155
614402
614649
614888
615127
615367
615614
615857
616091
616334
616572
616815
617076
617340
617611
617889
618166
618438
618702
618964
619220
619472
619721
619978
620230
620478
620734
620989
621244
621504
621766
622039
622323
622595
622869
623138
623408
623674
623934
624190
624447
624700
624955
625205
625463
625728
625983
626239
626503
626767
627030
627302
627573
627838
628109
628379
628642
628903
629151
629434
629608
629843
630083
630317
630562
630811
631057
631308
631562
631823
632113
632400
632703
632987
633269
633547
633831
634121
634394
634668
634939
635219
635501
635778
636042
636303
636564
636817
637076
637346
637605
637870
638126
638387
638660
638929
639172
639192
639443
639699
639954
640211
640462
640709
640952
641202
641459
641732
642004
642283
642558
642844
643145
643443
643736
644019
644296
644573
644845
645120
645384
645652
645920
646195
646478
646755
647039
647316
647592
647863
648126
648387
648630
648874
649108
649340
649574
649809
